"logFC"	"logCPM"	"LR"	"PValue"	"FDR"
"PITG_04266"	8.23344668775882	0.959243556028403	74.8934279179813	4.96821111458529e-18	1.51020190285786e-15
"PITG_15648"	7.22941007071796	0.0908142037618474	55.3228132030544	1.02274679683961e-13	1.8857103645992e-11
"PITG_14103"	6.82882321009892	1.39707813604191	110.949663539405	6.06923452071964e-26	4.01533415614905e-23
"PITG_09160"	5.70657417299585	2.66224486739771	83.9936339808842	4.96370529391271e-20	1.92506184278056e-17
"PITG_07390"	5.33491032416899	0.779758108860631	62.403565800857	2.79816129512987e-15	6.05210001660108e-13
"PITG_23272"	5.16611848555484	0.608037064490888	66.4763310155811	3.54120272112791e-16	9.0517970464831e-14
"PITG_08434"	5.10074945265698	0.566554918582342	63.2485604147957	1.82200772383005e-15	4.0984241739833e-13
"PITG_04446"	4.70495017478705	1.00622372326844	77.3247999222856	1.45033445487776e-18	4.79762106294417e-16
"PITG_13938"	4.56237982657611	1.9200738927664	93.4902298625483	4.08210577061957e-22	1.99614972183297e-19
"PITG_00923"	4.46120068776767	3.27084237739404	76.1362378474771	2.64753907732512e-18	8.27135333407657e-16
"PITG_16242"	4.41334694706789	0.401873223948138	37.1031762779008	1.12041069981484e-09	1.04142637527417e-07
"PITG_22799"	4.35940624807235	1.91124327305462	67.4507985174632	2.16010992782522e-16	5.7844657995834e-14
"PITG_22127"	4.27902085256298	0.277400461068877	37.9613405825799	7.21604033402043e-10	6.99644876178687e-08
"PITG_04558"	4.16796696392578	0.527933869737955	48.4121616483589	3.45419343402362e-12	5.24990723681941e-10
"PITG_13578"	4.01370638638044	2.36440200718871	92.0755605043683	8.34293625204801e-22	3.909708501116e-19
"PITG_23156"	4.00438714346185	2.10151945744916	51.0378050998983	9.06040400225501e-13	1.47684585236757e-10
"PITG_13661"	3.83987580825637	5.78045333081416	136.694868667105	1.40614263010151e-31	2.63581436012528e-28
"PITG_09002"	3.81975076124692	0.260460405727791	41.3257359927604	1.2886109573272e-10	1.49412447804733e-08
"PITG_19865"	3.73435389436543	1.29951051321618	63.518753040531	1.58847399711674e-15	3.64603409093306e-13
"PITG_10258"	3.56725807106068	1.88954435290397	48.0622337633233	4.12903320348381e-12	6.03106966747823e-10
"PITG_08846"	3.55965262460259	6.81528745070611	252.179884721642	8.69387188792042e-57	9.77799771234409e-53
"PITG_02507"	3.47907187076325	4.89125727023568	98.2283230265444	3.72819262908945e-23	1.99671345235091e-20
"PITG_11610"	3.45428196770264	-0.0323391380300684	29.5182532090134	5.53925625412278e-08	3.68639142545083e-06
"PITG_16867"	3.3622640879284	0.341937069615781	32.6931473231834	1.07917016983933e-08	8.3133060960157e-07
"PITG_06357"	3.34312678941021	3.77277028380611	101.575862376174	6.87782977481655e-24	4.29749730429787e-21
"PITG_19996"	3.26021743405416	0.792156119278917	40.9826887506971	1.53583587007828e-10	1.72735460307704e-08
"PITG_17861"	3.24185176899923	1.13212208934529	43.6196094442049	3.98822653180183e-11	5.03995323631182e-09
"PITG_07434"	3.19878710354171	1.80106440943463	53.1968637401287	3.0174016805765e-13	5.22103333868368e-11
"PITG_07090"	3.14510253015732	0.537929230711978	34.2168083115348	4.93012838482082e-09	4.04738349956787e-07
"PITG_07452"	3.14397919874267	3.86210775765687	64.5042101430375	9.63263024538386e-16	2.30506792276239e-13
"PITG_15858"	3.13630650711079	2.43229127837813	95.0068731178958	1.89725392158625e-22	9.69927948003664e-20
"PITG_04049"	3.11274330401584	1.37325887222822	38.2389342729973	6.25910139920106e-10	6.17509766989599e-08
"PITG_05221"	3.07271508736386	2.11693139536222	55.0627731360257	1.16741185353299e-13	2.11772276075573e-11
"PITG_15134"	3.057599836499	1.44075390702719	54.0292038278329	1.97531755727708e-13	3.5264121534437e-11
"PITG_08175"	3.0436289526361	3.89838233669419	115.221373198755	7.03849024891184e-27	5.2774599886341e-24
"PITG_07501"	3.02888849028444	0.287690181020995	28.8182764718711	7.94973857370422e-08	5.02307358081187e-06
"PITG_08178"	2.98728524370205	2.01358662134775	15.9963708638632	6.34640228186838e-05	0.00159682296340433
"PITG_09235"	2.95090714895409	1.48460602520765	48.0240563169317	4.21021744013543e-12	6.07080968579528e-10
"PITG_14685"	2.9074581425559	2.16591800742308	59.6290097459634	1.14534353752445e-14	2.30029977973884e-12
"PITG_09531"	2.89166814046949	1.11195491380078	25.6335182472251	4.12806268610386e-07	2.21087243002906e-05
"PITG_05697"	2.87486887102912	0.92078165971237	31.0835682068807	2.47154820050821e-08	1.75933560829847e-06
"PITG_23280"	2.85266496691465	1.09431218824626	40.3759798941284	2.09500989645717e-10	2.22288455711828e-08
"PITG_21224"	2.84119862984057	0.293614964527288	28.0058581709445	1.20948750124394e-07	7.31349780994119e-06
"PITG_23131"	2.81062170956139	2.90650814026882	48.2612805147346	3.73045989649747e-12	5.52058979682988e-10
"PITG_05255"	2.80048869556503	5.86640913220752	123.875427162485	8.97020648683235e-29	8.40732602978362e-26
"PITG_11446"	2.79829744044862	5.19444310108389	127.072286640317	1.7912873678183e-29	2.51832612823155e-26
"PITG_08491"	2.79422426087897	6.31097370284092	125.310445585839	4.35240920943776e-29	4.89515463785465e-26
"PITG_11443"	2.75149277546196	5.33183195238334	132.653924414318	1.0762965603043e-30	1.72930105910607e-27
"PITG_06194"	2.70682539328611	1.70648706333635	28.4471001743627	9.6293887783079e-08	6.05037628992341e-06
"PITG_05295"	2.66342536430472	5.22245875417715	45.7418669093263	1.3490832013044e-11	1.80632604346078e-09
"PITG_20783"	2.62379227532053	-0.0159094954313758	19.280384731642	1.12859871835055e-05	0.000376657263658418
"PITG_09182"	2.62024400113428	1.64679751277791	25.0497165598532	5.58709675401511e-07	2.84335190915873e-05
"PITG_15191"	2.58378906629262	0.48840819049541	23.2829120741761	1.39836883917177e-06	6.66417556532409e-05
"PITG_05795"	2.5313901104376	3.62690895359767	91.4518581453053	1.14340357749668e-21	5.14394401444207e-19
"PITG_13560"	2.49733164650997	1.1589941433367	20.9657124702394	4.67577112458054e-06	0.000187815706564848
"PITG_22503"	2.4714267805525	0.487919493598572	20.6869435139395	5.40835296364152e-06	0.000210476629003724
"PITG_09342"	2.45206654786612	2.89233560717304	60.5674282394993	7.11007976427483e-15	1.50881258695847e-12
"PITG_07947"	2.40889513382132	2.69019562197383	63.8162783834002	1.36580335450561e-15	3.20024798502595e-13
"PITG_17227"	2.3955769331993	1.20062964957201	34.4095545138763	4.46525893281984e-09	3.6952542171734e-07
"PITG_10429"	2.37568697020155	1.20269652256551	22.7934892408512	1.80375741421451e-06	8.38299985027708e-05
"PITG_06206"	2.37160673475203	0.665050833376958	18.1961915210358	1.99276925748184e-05	0.000615732852716986
"PITG_23100"	2.34231222232527	1.12471535694377	33.1135686521055	8.69299668975777e-09	6.78959262289622e-07
"PITG_00896"	2.32520799841271	2.98192524063894	50.2891967140684	1.3267794665013e-12	2.07254009163058e-10
"PITG_07522"	2.29261723417102	1.35937224207878	35.6115646393777	2.40853422422508e-09	2.09990576898135e-07
"PITG_12666"	2.28886720832744	5.58218317476907	28.2314545267486	1.07641029391655e-07	6.6518607558678e-06
"PITG_00750"	2.26656886110853	0.655154285315416	23.9755655916025	9.75660799207204e-07	4.81283202135238e-05
"PITG_02656"	2.24982293885635	1.61979684766916	28.1447629493765	1.12571864741662e-07	6.91855608059819e-06
"PITG_11773"	2.24552688492475	1.3282220118068	29.7449338233412	4.92792432577473e-08	3.35905241769627e-06
"PITG_05195"	2.23753484112999	1.59380857367489	29.6717474483486	5.11752629649355e-08	3.42600108670613e-06
"PITG_12458"	2.22935068095691	0.79388698290286	17.5061779013655	2.86375618906303e-05	0.000832265267658704
"PITG_22512"	2.22229548378783	0.703831695072945	22.6227937417228	1.97131930309962e-06	8.97628672144188e-05
"PITG_02406"	2.22099567957917	1.74992961263045	41.2185924647033	1.36121575787694e-10	1.56220343151448e-08
"PITG_09355"	2.17909162293946	2.80007253410864	29.6918700737864	5.06467828991603e-08	3.42600108670613e-06
"PITG_12748"	2.17705960252797	0.316101792361011	18.7625801178984	1.48043539800175e-05	0.000473024344355844
"PITG_11718"	2.17626627349481	0.19581389065771	18.1359035292371	2.05686393455525e-05	0.000633795854025833
"PITG_16199"	2.17086498647504	2.45428552201253	29.0023907558077	7.22890282511948e-08	4.64591257566393e-06
"PITG_16829"	2.15637530255682	0.396923179884507	18.6366824033821	1.58148114572742e-05	0.000502455323333227
"PITG_11473"	2.13854771332836	0.824279967435978	19.3111094323485	1.11058292321956e-05	0.000375762982104748
"PITG_07521"	2.13154269955623	1.75632025120807	27.9951591612746	1.21619310736796e-07	7.31471865164036e-06
"PITG_00692"	2.11896494462312	1.29045143240286	17.1024674003762	3.54162633273917e-05	0.000985957211988054
"PITG_08869"	2.10437314854242	4.38646658731921	56.270526899584	6.31550471392739e-14	1.20390646639901e-11
"PITG_22899"	2.07687229593614	1.24995186371826	19.4911916273475	1.01064650515419e-05	0.000349745884414438
"PITG_23106"	2.06096577049736	3.98484729957013	63.0582019633459	2.00687952590329e-15	4.42575961330085e-13
"PITG_22856"	2.05254952040978	1.12599567783278	21.6703177448623	3.23762440408941e-06	0.000136893088995464
"PITG_00698"	2.05160046942145	1.65979369279848	11.8023749727865	0.000591552100183586	0.00965629386177763
"PITG_11008"	2.04732572784245	2.18717947668562	20.0644714159335	7.48747930761275e-06	0.000274102721245472
"PITG_16516"	2.03876055071309	4.54961126784062	55.566996516196	9.03274611238613e-14	1.69318825876678e-11
"PITG_08867"	2.03330050217513	0.611673183983254	19.2009441109965	1.17655187671783e-05	0.000389196439924865
"PITG_16521"	2.02615154153861	3.81666553946626	66.0437268092818	4.41029310569506e-16	1.10227925688338e-13
"PITG_05386"	2.01572060742011	3.02306975537831	16.8591071470701	4.02596810461425e-05	0.00109108586199028
"PITG_11997"	2.00427451494706	6.27632972690497	57.2873783407553	3.76564067967645e-14	7.30209667660708e-12
"PITG_15671"	2.00079277186393	1.2154160049709	23.8864657755979	1.02187669567412e-06	4.99697704184645e-05
"PITG_00689"	1.99594798693307	5.99167680237632	76.3870928339427	2.33170302905063e-18	7.49276113363783e-16
"PITG_04540"	1.98397455999197	0.345508335498172	14.7873068374306	0.000120342814917595	0.00276743601029287
"PITG_05196"	1.98321129239744	3.36409331486025	50.580643802494	1.14367445941236e-12	1.81167699225504e-10
"PITG_07531"	1.97502588079271	0.381257455021448	13.4986107966555	0.000238740132349478	0.00478629281378712
"PITG_07436"	1.97057029448422	1.53675478441216	15.7175730611599	7.3537784743428e-05	0.00181775706595458
"PITG_10924"	1.95712414144943	1.65074925102954	16.1104313169434	5.97539985901099e-05	0.00151705016285094
"PITG_11927"	1.95586388335336	0.877283501636589	17.7186829706078	2.56098922741836e-05	0.000759985378384547
"PITG_18344"	1.94855491817173	0.609781818388728	17.0134913443777	3.71151587638173e-05	0.00102062149295025
"PITG_02510"	1.94717716998329	6.5064632154175	17.2344357505312	3.30393072249096e-05	0.000933779379907915
"PITG_07449"	1.94300754017682	1.97781906685788	25.389521512168	4.68455786342308e-07	2.48524633443016e-05
"PITG_09201"	1.91959306841759	0.52743049789759	15.9900165682605	6.36773922499475e-05	0.00159861524695348
"PITG_17224"	1.91438259016304	2.71290007336129	40.6357391393567	1.83421003905954e-10	1.98359233743295e-08
"PITG_06277"	1.91425301128383	0.144767159914958	12.5469239463921	0.000396859048832452	0.00707365090684405
"PITG_17647"	1.88015729287725	2.80109840174658	39.6322004197424	3.06586308729078e-10	3.16346441676692e-08
"PITG_20358"	1.87026306136851	0.641994729672763	11.9535983187373	0.000545419436407981	0.00906105229140408
"PITG_18366"	1.86654153875844	1.50231886112789	19.307721705035	1.11255510839229e-05	0.000375762982104748
"PITG_22661"	1.84687409308849	5.16444390188855	42.6039452276957	6.70240638929294e-11	8.01935794259337e-09
"PITG_03188"	1.84214224742072	0.709559904265132	16.1349864480137	5.89842752364673e-05	0.00150255910002772
"PITG_23349"	1.81749047002106	1.56038823521474	14.3753118317857	0.000149752906233551	0.00327042900273542
"PITG_14723"	1.81407687931929	6.13258624556745	50.587057873388	1.13994286507738e-12	1.81167699225504e-10
"PITG_08174"	1.8011923206147	0.0400012389217448	12.2813834695636	0.000457499097355064	0.00792833951918707
"PITG_07718"	1.79067315324653	0.933190866549812	18.8556401720109	1.40993581568643e-05	0.000454371006275796
"PITG_16519"	1.77632593925268	0.818541290689483	17.5148180356441	2.85077168497474e-05	0.00083063806064536
"PITG_10808"	1.75246865678427	0.657296032026779	14.9927389005296	0.000107925652750054	0.00252357550203712
"PITG_16524"	1.74628955876221	0.922744055786764	17.6978067131818	2.58924978029364e-05	0.000766349796814804
"PITG_17225"	1.73352218240978	0.359708832378831	13.8601978640648	0.000196925171974727	0.00408637898376338
"PITG_08104"	1.72713928492153	0.610790069352627	16.1328892559429	5.90496240964036e-05	0.00150255910002772
"PITG_09428"	1.72599200470558	4.14715068351587	51.8750437106696	5.91474305103958e-13	9.92882314851376e-11
"PITG_09799"	1.71954046887243	1.96493908711519	26.6727348470437	2.40998320888224e-07	1.34851150001485e-05
"PITG_19714"	1.71296408878342	1.43132940887595	20.2881349100394	6.6612393537359e-06	0.000250565080305912
"PITG_10390"	1.71251252052814	4.78286663801641	15.5803102580074	7.90737468309838e-05	0.00192082598403472
"PITG_22659"	1.7083914251203	0.268473794049161	11.9023738684119	0.000560624514370134	0.00924537230662889
"PITG_02843"	1.70792070141871	1.63378811559493	20.0720861311745	7.45772583954644e-06	0.000274102721245472
"PITG_07041"	1.69495884198974	3.5785088591348	40.573500650641	1.89357341875274e-10	2.02828764197257e-08
"PITG_08847"	1.69417417584312	1.48659833004234	19.321635630569	1.10447740712559e-05	0.000375288743140228
"PITG_00582"	1.68914696126715	2.74105757903673	21.2171214722614	4.10084777623311e-06	0.000168945915528549
"PITG_13354"	1.68106178524283	1.197783643616	18.4756212911233	1.72091577326174e-05	0.000542160775962879
"PITG_09200"	1.67913071504406	0.529664842049426	12.6379925347168	0.000377985653636625	0.00689931300875655
"PITG_00972"	1.66021372921528	4.62662709572011	39.9476308590234	2.60863779610662e-10	2.71660641600103e-08
"PITG_02772"	1.65809316305888	2.70075523885437	35.7952655447759	2.19179876711539e-09	1.97209285869974e-07
"PITG_15300"	1.64775335438048	1.63629031305683	21.2083433557918	4.11967243726948e-06	0.000169102028839306
"PITG_17948"	1.64106204649972	4.58112140645682	34.0454517207526	5.38396108420473e-09	4.38792828362685e-07
"PITG_13322"	1.64033501730861	2.17370935395499	14.4511535758772	0.000143841729135627	0.00315974204607109
"PITG_07530"	1.64022564077616	2.17701446890312	27.135870877173	1.89646169718888e-07	1.09195340505184e-05
"PITG_05733"	1.62845946457954	4.13884243931217	40.6925202961905	1.78167847682192e-10	1.95225424597629e-08
"PITG_11963"	1.58999895437345	4.58189833777374	41.0768658013598	1.46358471580173e-10	1.66272093925475e-08
"PITG_16427"	1.58752888655669	1.50464477256815	20.0056769030194	7.72125945359154e-06	0.000280122201463647
"PITG_06236"	1.58610259921575	2.92828099850423	31.7942230751472	1.71401790933918e-08	1.26826048857485e-06
"PITG_09063"	1.57700916445776	2.913599717553	12.1619254929636	0.000487749982339605	0.00834965609037067
"PITG_23339"	1.57132007326148	3.49539314198634	19.4561767842335	1.02934417782846e-05	0.000355123741350819
"PITG_11926"	1.57005220456593	4.84782202996776	16.7309315578384	4.30729871020604e-05	0.00114525268542996
"PITG_13624"	1.56500510173648	2.70206275314382	26.2455811619448	3.00641949610434e-07	1.65750980748458e-05
"PITG_11298"	1.56076153725559	1.71205276741056	17.357878230267	3.09612154683629e-05	0.000888318342787443
"PITG_22087"	1.55876488196788	4.90149487444017	16.4523579149371	4.98880934471039e-05	0.0013018361647322
"PITG_15534"	1.55375566434845	3.43388411764981	22.7254418038795	1.86877166680323e-06	8.64941355413001e-05
"PITG_17001"	1.53893335284498	5.51233837631712	40.0939736774402	2.42034500393782e-10	2.5440766597466e-08
"PITG_02509"	1.5326361176392	3.19406145107382	20.6482719197521	5.51869741799818e-06	0.00021322467063177
"PITG_16256"	1.52010714598216	1.71635280749476	17.9344503592099	2.28644744056263e-05	0.00068807215293941
"PITG_09198"	1.50231354962787	1.80720608019845	13.0360293934663	0.000305555227565206	0.00578548761687856
"PITG_00213"	1.50136059374697	5.67652039924473	47.9108525726544	4.46045793990217e-12	6.35022410760502e-10
"PITG_05413"	1.50086026211209	5.50297831994238	29.0593977315832	7.01927687662719e-08	4.53711534663368e-06
"PITG_00436"	1.49858425775891	1.68433971657538	14.918348939575	0.000112265724497756	0.00260908700266213
"PITG_15627"	1.49397666881962	2.81487759151759	20.6714589653518	5.4522678171245e-06	0.000211453986686894
"PITG_03943"	1.4846526320558	1.79805431043038	18.3112776398664	1.87593342325484e-05	0.00058444939643621
"PITG_00360"	1.48355540590025	1.32555577395951	13.7890021915672	0.000204530014569533	0.00422082398874044
"PITG_19382"	1.48238351339871	2.35343900987807	22.0975035877128	2.59146534517577e-06	0.000111671305506482
"PITG_17261"	1.48039792756725	12.5302168100143	29.1011115177826	6.86975595772959e-08	4.49210146840609e-06
"PITG_00716"	1.47301377794841	3.14830291942355	27.8909385415798	1.28349444607993e-07	7.678437252692e-06
"PITG_08733"	1.47077564136014	6.50909701662208	31.4274480595757	2.07033348507766e-08	1.49263081453003e-06
"PITG_09473"	1.46894217392838	1.96287277066668	18.0181162890458	2.18812697798099e-05	0.000665098802362871
"PITG_04924"	1.4661045341846	2.19963796689261	18.3395851845396	1.8482657686055e-05	0.000577429030541835
"PITG_01415"	1.46289274813529	1.0868503380346	13.2705147879844	0.000269613160104141	0.00524169713597123
"PITG_14722"	1.46252721986758	5.33038605947883	34.6951974660056	3.85581628450747e-09	3.26062900389891e-07
"PITG_17792"	1.46038245007475	2.38167377608943	23.5954956526395	1.18865436945631e-06	5.73768055505371e-05
"PITG_10651"	1.449474022837	2.38541739128839	22.4701741413479	2.13432002272605e-06	9.56362442055773e-05
"PITG_19201"	1.44887398209431	2.39076677507175	21.2478519030713	4.03562382801561e-06	0.000166870077917984
"PITG_23337"	1.42074686104201	5.14638393397469	35.5507440535094	2.48492112093869e-09	2.14983906516903e-07
"PITG_11061"	1.41524012923399	1.88652022770955	11.9025304736699	0.000560577382623619	0.00924537230662889
"PITG_13122"	1.40732235870069	5.61607919157818	23.0570754685394	1.57262700175389e-06	7.44357200869887e-05
"PITG_15596"	1.40196467279286	2.24315514223967	16.9354195117482	3.86732090179435e-05	0.00105495151923508
"PITG_00179"	1.39619764000865	12.029423479215	21.8368336389938	2.96846519315851e-06	0.000126463363740355
"PITG_04885"	1.39253428336397	3.01781273627098	26.493326896318	2.64450049922253e-07	1.47241074825524e-05
"PITG_14479"	1.39224748148792	3.27649222183229	19.9166223937527	8.08939213562779e-06	0.000291607029966044
"PITG_00200"	1.39071117105573	2.97775442021009	20.80046210446	5.09706637838846e-06	0.000200443026425647
"PITG_01943"	1.38355825129173	11.7693871762004	18.9974448986509	1.3089361404388e-05	0.000429201305291987
"PITG_10849"	1.3825149039512	1.76003502183949	16.8637154402081	4.01620485552726e-05	0.00109106898575157
"PITG_11996"	1.36792947231235	2.86641665133937	20.6921385317039	5.3936993391023e-06	0.000210476629003724
"PITG_09073"	1.36531780515434	0.931804004224989	11.7738379555146	0.000600689996228364	0.00976851967373944
"PITG_06937"	1.36367708253375	5.78904288812773	22.1208879108724	2.56008915174914e-06	0.000111171130076149
"PITG_08938"	1.36327895707422	5.188757663819	15.639538157119	7.66353627098247e-05	0.00187520419493064
"PITG_06011"	1.36231686800904	3.87328018602193	19.5995526626659	9.5491553844957e-06	0.000332505729440938
"PITG_23076"	1.36121907788484	4.55133713542968	23.3410938395081	1.35670236475633e-06	6.49311978570829e-05
"PITG_00965"	1.36000485583625	3.90607039663157	20.6410299287552	5.53961134307093e-06	0.00021322467063177
"PITG_10727"	1.34923321786926	1.38033866285316	12.8862663282684	0.000331002104259543	0.00619431059335621
"PITG_19999"	1.347987424354	12.2579480747146	22.018176472719	2.70080617227095e-06	0.000115497973458294
"PITG_10095"	1.34692294232932	2.34327024811864	16.6962411870382	4.38678297649576e-05	0.00116363556926056
"PITG_00514"	1.34471328979734	3.96557676132098	19.7338057719735	8.90127589698485e-06	0.00031383275866266
"PITG_00628"	1.34295798414569	4.36859820341377	16.7360963170776	4.29558942658377e-05	0.00114484583603762
"PITG_02052"	1.32367563141808	7.0890082327356	32.1138234522368	1.45399066878642e-08	1.09020220345606e-06
"PITG_06392"	1.31171546095125	2.26229324949149	13.0200697745218	0.000308170333038358	0.00582519619442423
"PITG_01041"	1.30962778197083	10.1520718340945	16.3125591741157	5.37068177493132e-05	0.0013854141725379
"PITG_11222"	1.30467370692715	1.54103003974962	13.4458571179714	0.000245547814039575	0.00486210609947729
"PITG_19864"	1.30075063184593	7.6176887176094	36.3287546881717	1.66686347784116e-09	1.51187205929673e-07
"PITG_19863"	1.28572951741538	4.14051168134483	33.8987877577389	5.80548612149995e-09	4.663878743465e-07
"PITG_07853"	1.27320896404529	1.32379198302549	12.1262760056583	0.000497163013905382	0.00848198391156498
"PITG_15318"	1.2680255601402	1.17119999704936	12.240567439076	0.000467616062296247	0.00807876782280474
"PITG_01939"	1.26581816193328	5.39190770516529	22.6090112835622	1.9855115087295e-06	9.00445481398415e-05
"PITG_10502"	1.25968111347144	2.03204177271542	15.1452676680476	9.95475115048198e-05	0.00234228213785504
"PITG_11129"	1.25622037770751	2.38586908842375	14.6533093749208	0.000129207581075064	0.00291637558382109
"PITG_11969"	1.24596982173311	6.46464030169657	26.4096566265444	2.76156410461939e-07	1.53001534407164e-05
"PITG_08190"	1.23825290895245	2.37836897994742	17.2774605237357	3.22995535293707e-05	0.000922012889707697
"PITG_12515"	1.23384683679659	1.65170298773846	13.5670463123512	0.000230191323574194	0.00463971651655728
"PITG_19736"	1.22959950970226	4.81333801085547	28.3212705759452	1.02760607776979e-07	6.42082530926491e-06
"PITG_00631"	1.22546870174678	10.2642430765917	25.0873943562671	5.47898567066774e-07	2.80822243746494e-05
"PITG_15129"	1.22121934996276	1.67326715923063	13.4562293649879	0.000244194032549699	0.00485431445545632
"PITG_03273"	1.2191361929636	3.09468425837122	18.1270227501738	2.06647890403669e-05	0.000635018804199472
"PITG_23123"	1.21650553424614	4.47642756681801	19.8229554790943	8.4956238206471e-06	0.000304300258314707
"PITG_06374"	1.21612722840676	5.06336769006021	17.4649618461911	2.92651894103007e-05	0.000848313364169206
"PITG_14632"	1.21572442553095	8.16551092875348	24.1844592487897	8.75357894351937e-07	4.33707058932874e-05
"PITG_13676"	1.21319620861781	9.62695225285311	25.3040077335934	4.8969022269735e-07	2.56164927194284e-05
"PITG_08154"	1.21033592710431	3.08890576317536	17.2603489770313	3.25917489507085e-05	0.000927998482148401
"PITG_06577"	1.20621578818606	3.06256531506406	14.1618755369351	0.000167734988834584	0.00361039030511305
"PITG_06201"	1.20173841485906	2.96602383971832	18.9088280847156	1.37116673159635e-05	0.000445708445961393
"PITG_18795"	1.19567145327127	2.54857633292107	11.9118120919683	0.000557791129672321	0.00923253524097174
"PITG_15669"	1.18149507099888	2.94520899475713	11.7281033509612	0.000615633022014237	0.009947716892693
"PITG_14390"	1.17557554736514	3.56750658830879	22.6815442743322	1.91195463278362e-06	8.77704234894587e-05
"PITG_18306"	1.17516709181602	10.7762036989807	31.5451867941021	1.9485275581269e-08	1.41387673846795e-06
"PITG_00368"	1.16597345470957	4.4066678524649	25.361149726368	4.75396604528439e-07	2.4984979491268e-05
"PITG_15638"	1.16333764447552	10.3455985594873	18.6850098237453	1.54189907088368e-05	0.000491267389524893
"PITG_10392"	1.15425550560675	4.8197990605052	19.4444357035289	1.03569127684442e-05	0.000356220788705479
"PITG_00124"	1.15090193061931	2.34582894797928	15.264416016874	9.3460681303527e-05	0.0022176208494109
"PITG_14221"	1.14686393044412	5.75924454486351	19.101903701229	1.23921217662052e-05	0.000407526881592134
"PITG_11022"	1.13880762219906	3.89402502860104	25.6901743626728	4.00862826559956e-07	2.17802135764243e-05
"PITG_11636"	1.13837716959256	2.04940644035746	13.6168831158504	0.000224160528647946	0.00455078242906759
"PITG_15531"	1.13446456895639	4.67767744300773	11.9630683569359	0.000542654355392706	0.0090284519750026
"PITG_22547"	1.12560318269449	1.6808934380469	12.0434845785661	0.000519737227104824	0.00872460387051934
"PITG_20239"	1.12279848898822	6.07855464152073	18.2649723560007	1.92209184897468e-05	0.00059553077205009
"PITG_00707"	1.12239750587278	4.12687165162642	16.9843927857178	3.76883526493261e-05	0.00103385585913895
"PITG_09767"	1.1196751019149	5.76261473121387	17.4479325928648	2.95285251872829e-05	0.000851557237900951
"PITG_10557"	1.11342744222635	2.50113434261181	12.1151393735537	0.000500140998056071	0.00848429231543987
"PITG_15137"	1.11187245926944	2.53188800722529	13.2937774841343	0.000266288421869569	0.00519054745366905
"PITG_00147"	1.10829062194044	4.08646726375828	14.1669541203498	0.000167282831195661	0.00361039030511305
"PITG_00384"	1.09965758496749	4.597627711722	19.345114990243	1.09097982002592e-05	0.000372955928140777
"PITG_19964"	1.0954111740054	3.56600357378904	18.0155183915059	2.19111504892692e-05	0.000665098802362871
"PITG_00562"	1.08552246652343	3.74557771573866	22.0549312965206	2.64958112135299e-06	0.000113739843022355
"PITG_13672"	1.0854443130403	5.1339790282055	14.8004718200831	0.000119505598329899	0.00275426119757453
"PITG_16439"	1.08490488844397	5.75959133389312	26.7145880466592	2.35834296626326e-07	1.32621416707815e-05
"PITG_09366"	1.07873594934221	4.21540482740549	23.0539945732835	1.5751490513651e-06	7.44357200869887e-05
"PITG_13171"	1.07633501960466	4.27158565515937	14.4613580634156	0.000143064520119061	0.0031520066053865
"PITG_03004"	1.07595862440625	3.55816899304736	14.2724531567042	0.000158162679700471	0.00343408428299458
"PITG_04334"	1.07415397105829	4.01887200680619	11.8270747266316	0.000583756325692726	0.00954288865561932
"PITG_00416"	1.07270172852555	4.8725867599425	22.6852692916968	1.90825170623688e-06	8.77704234894587e-05
"PITG_00570"	1.07018538640477	4.3344752224303	17.8868716324005	2.34432736247157e-05	0.000699380632512406
"PITG_08185"	1.06360721995272	6.99937335901537	19.7768025847773	8.70325822638827e-06	0.000307816180101223
"PITG_10139"	1.06105828530086	4.1316967950323	17.6771884030419	2.61746872719445e-05	0.000770645831799896
"PITG_18521"	1.05578833952788	3.27785342517662	13.4128877422498	0.000249901403681828	0.00492231363784505
"PITG_20795"	1.05081116646989	9.55378555962768	21.160560153535	4.22367470910526e-06	0.000172740616193843
"PITG_08968"	1.04550170993821	5.74839512236852	22.2948810449451	2.33829103623543e-06	0.000103132389351137
"PITG_07057"	1.04512562298557	4.12128565580697	20.4867547026896	6.00453325964047e-06	0.000227383789801941
"PITG_04076"	1.04424185259313	2.62029217289167	12.3019498352254	0.000452485343664898	0.00786569190138965
"PITG_04079"	1.04031552038313	2.95566396250129	14.7066744985937	0.00012560096636998	0.00285380619952155
"PITG_08834"	1.03764293037329	11.297720912175	22.1586791832324	2.51018587466176e-06	0.000109426591210546
"PITG_14101"	1.03064315803671	2.59919784617052	11.7217537916544	0.000617737105049902	0.00995370948495164
"PITG_10923"	1.02762371235282	2.96463997391726	14.2040271390804	0.000164019111359598	0.0035475441258873
"PITG_20189"	1.02613698877126	9.38931098714457	22.5616729504346	2.03504239042699e-06	9.19201677314552e-05
"PITG_01938"	1.02256876479431	7.74162652466354	12.4392971383718	0.000420393959107332	0.00739932841640087
"PITG_06476"	1.02236781328921	3.47302530371365	16.335956595293	5.30478008023969e-05	0.00137156003591852
"PITG_08850"	1.01670848537812	4.93239513411708	13.0840301673347	0.000297823990494798	0.00568697185245331
"PITG_00597"	1.016438352043	3.77897062448085	12.8363014787373	0.000339958915612942	0.00630943551798475
"PITG_00403"	1.01192494588837	5.92375104260875	17.4043741673702	3.02129882227555e-05	0.000869067720054557
"PITG_00625"	1.01138198981842	6.13552868819957	19.3283269994168	1.1006137431755e-05	0.000375109174833178
"PITG_09442"	1.00750397308527	10.6246612351774	14.8304199012499	0.000117622846090158	0.00271643562623409
"PITG_07381"	1.00721653371534	2.45540730710352	12.3358259270763	0.000444347464473823	0.00773618565470138
"PITG_10202"	1.00348532205662	11.0696068201585	14.4192017439331	0.000146302896150206	0.00320130092023613
"PITG_00353"	1.00070818705562	4.74560726660041	15.7957281814738	7.0561641610956e-05	0.0017518913536389
"PITG_03862"	1.00042701426513	3.81532779801327	16.4365278012028	5.03064247926134e-05	0.0013097137954688
"PITG_09555"	0.999500534522883	11.109904634053	21.4366413323421	3.65715065634944e-06	0.000152906964431086
"PITG_15723"	0.995280103730667	9.42506944958626	17.0347088441339	3.6702740279908e-05	0.00101342525373979
"PITG_19775"	0.99287400367903	5.04794790804783	16.8272546006177	4.09410731478229e-05	0.00110158911409944
"PITG_08536"	0.992720912605828	3.8498322171494	17.6829245184671	2.60958719215484e-05	0.000770341919951849
"PITG_06771"	0.988736085526808	11.2377863614923	15.581879464369	7.90081475026523e-05	0.00192082598403472
"PITG_11123"	0.987894433751619	2.49293228709032	12.00464683152	0.000530680666362271	0.00888179383121497
"PITG_10835"	0.984213000870974	2.64860216870497	12.1184615106398	0.000499250764599984	0.00848198391156498
"PITG_06581"	0.981937487322302	2.85342042024991	12.5701099363713	0.000391965520658533	0.00704065003618738
"PITG_12446"	0.975848048066035	5.42565919771679	13.2515674117547	0.000272352044765571	0.00528128180599721
"PITG_18334"	0.972841043910858	3.26444118888848	12.5710605116581	0.000391766200628948	0.00704065003618738
"PITG_00125"	0.970297792547279	5.09991602781623	13.5463583753303	0.000232742567384239	0.00467438509887596
"PITG_12987"	0.964505703512029	3.22577893506772	12.0466133046211	0.000518865613043391	0.00872460387051934
"PITG_16464"	0.959866578172083	4.50267249701015	14.8773361029265	0.000114733192438333	0.00266062724815244
"PITG_02477"	0.955172116928589	2.95104258588033	12.8462534651548	0.000338155614386778	0.00628680262670904
"PITG_14863"	0.953623681811783	3.77740312632849	12.7009492632016	0.00036547000319701	0.00672739955148407
"PITG_10193"	0.953562881940229	11.7801038167037	12.5712027402139	0.000391736386430952	0.00704065003618738
"PITG_00623"	0.952870148287587	6.51550822308096	17.9331019970938	2.28806779762905e-05	0.00068807215293941
"PITG_07280"	0.95171658093347	2.88437482790543	12.7745909988277	0.000351359432565822	0.00649957160866414
"PITG_11108"	0.948743046430358	4.36559516658019	12.9465908519907	0.000320504620285309	0.00602343431673663
"PITG_06719"	0.947660933075274	7.28946426984276	13.2192050089275	0.00027709512479502	0.00534109487037809
"PITG_18891"	0.946569767936573	3.1282200092224	15.5633236742876	7.97873731568978e-05	0.00193398402132679
"PITG_01961"	0.945439853144778	5.17945152876475	18.4362681946227	1.75682211686846e-05	0.000550389369036756
"PITG_07470"	0.936943113288245	4.26908106134974	14.5082185891813	0.000139549395120816	0.00308352072087194
"PITG_02998"	0.936887016447179	5.67995224480898	13.0574246495226	0.000302084516862375	0.00573909554248501
"PITG_16327"	0.929317503183325	4.07246601036965	16.5612697856898	4.71032208941667e-05	0.00124359137417064
"PITG_06702"	0.92863557627029	4.67621181163276	14.6506216065522	0.00012939196375271	0.00291637558382109
"PITG_17726"	0.923449216641907	4.61084938875525	13.1750714882509	0.000283697905843735	0.00543569054007578
"PITG_10271"	0.920497739482136	3.13761377332032	13.326938730087	0.000261620277239833	0.00511729262281114
"PITG_04337"	0.919195183234123	4.30101889508418	12.8671931620442	0.000334392775351204	0.00623700753627694
"PITG_06799"	0.91618016984015	10.039173966778	13.9054071508916	0.000192244614201338	0.00401145672712884
"PITG_11766"	0.913267276210906	12.6612936404038	13.6022413589867	0.000225915634912246	0.00457081021061453
"PITG_08732"	0.912878928740932	4.04772772438798	12.1784059077909	0.000483459426969014	0.00830147812995496
"PITG_07263"	0.911177800811901	4.47839657542139	14.7837602564628	0.000120569364723349	0.00276743601029287
"PITG_07400"	0.909627429988205	8.62415273098683	14.6813529004125	0.000127299482833812	0.00288656710369331
"PITG_09711"	0.905319273272392	5.6490082956984	12.1874230190376	0.000481128030849902	0.00827407792502881
"PITG_11099"	0.903731995632711	12.1087775239036	13.6007337857072	0.000226097132060406	0.00457081021061453
"PITG_14855"	0.888319306185	4.83320257022396	14.0222141137954	0.000180663632324245	0.00381940577584735
"PITG_00718"	0.886299557744117	3.11955408564187	11.9811478907926	0.00053741469078301	0.00895452300331335
"PITG_08061"	0.881633359388945	6.08190523975894	17.2525424974612	3.27259328315089e-05	0.000929466077161568
"PITG_16386"	0.87635816402958	4.29043272196012	14.0803128270569	0.000175167673474048	0.00373127049917161
"PITG_16687"	0.872397985366724	4.19844228451021	13.0849832302224	0.000297672498939858	0.00568697185245331
"PITG_10485"	0.869767842000949	3.5686700413818	11.7255425888634	0.000616480721455234	0.009947716892693
"PITG_06710"	0.865282863293931	4.03055152351392	12.5586261978326	0.000394381570445279	0.00704065003618738
"PITG_17003"	0.864343753372035	5.60533297716781	14.1083297433738	0.000172577854290194	0.00369008199087797
"PITG_00065"	0.856982229106501	4.23835948662348	14.1474491260892	0.000169026130279749	0.0036279329909472
"PITG_18633"	0.85146594710833	4.91441930855706	12.5698345995693	0.000392023273369257	0.00704065003618738
"PITG_14913"	0.846754866216629	10.9536299496903	12.0833162811607	0.000508750243917067	0.00860438194486505
"PITG_00550"	0.845225495034541	3.53540323162344	11.8272792867667	0.000583692197106694	0.00954288865561932
"PITG_10687"	0.843598390541899	5.35663039985193	13.4578531932415	0.000243982773172147	0.00485431445545632
"PITG_12468"	0.837230254129219	4.17478654181775	15.2150458154747	9.59360130403248e-05	0.00227156281824112
"PITG_00257"	0.835562120609389	4.81654746911445	14.6720122424329	0.000127931855242117	0.00289506956923157
"PITG_11135"	0.83293924536155	5.2384753845403	12.6355002259054	0.000378489919658824	0.00689931300875655
"PITG_09722"	0.831628353871094	5.07952715811864	13.4616409138383	0.000243490707927462	0.00485431445545632
"PITG_08959"	0.830167170881731	10.785035926931	14.745032152513	0.000123071370760292	0.00281338151817277
"PITG_01922"	0.828362126465438	11.9643142659252	14.9648644762718	0.00010953176542012	0.002555816941245
"PITG_10887"	0.826161892821704	11.301850953489	12.4963890427256	0.00040773935395009	0.0072331932395531
"PITG_09552"	0.825759428753062	8.3058492276089	12.0459347704584	0.000519054516648511	0.00872460387051934
"PITG_03746"	0.814350765983115	4.04467321513056	12.235334823645	0.000468929281876917	0.00808903011237681
"PITG_00205"	0.812634448914881	7.00893430711645	13.833259570428	0.000199768529213627	0.00413774704984468
"PITG_15920"	0.812532049341224	4.06724151139091	12.429994377241	0.000422493172895484	0.00742465736805548
"PITG_00552"	0.80764579204637	5.20736127203902	12.172948986556	0.000484875861738846	0.00831310795270854
"PITG_05127"	0.806799928533802	4.85600049172121	12.6801038023437	0.000369567052928155	0.00678062095315328
"PITG_09563"	0.803636331613006	11.2545241790351	12.8461160067807	0.000338180456046854	0.00628680262670904
"PITG_08119"	0.7980813337158	4.54406482038941	12.7121055685374	0.000363296149508279	0.00669834720249118
"PITG_11011"	0.794787874833162	7.08255423106187	12.4618893797615	0.000415339611428543	0.00734485001530947
"PITG_00266"	0.783069866894656	10.1269853256903	13.8847935804024	0.000194364692820321	0.00404818462990769
"PITG_05171"	0.775359543106567	10.2281482109006	12.638963544433	0.000377789373830101	0.00689931300875655
"PITG_09721"	0.774935665933194	5.70341465590748	11.8513480694755	0.000576196194171189	0.00946055269466184
"PITG_17425"	0.736466365768852	6.20391647181247	12.560872826951	0.000393907725738598	0.00704065003618738
"PITG_07285"	0.715232504317687	8.22545390632498	12.2829883443837	0.000457105845638645	0.00792833951918707
"PITG_00234"	0.674193995191101	8.40748504911049	12.5833360318113	0.000389201392300803	0.00703753707268027
"PITG_01985"	-0.67499098061909	7.32449609274007	11.7807326960896	0.000598469241276824	0.00975504863281223
"PITG_05498"	-0.725405612689759	6.92679497853669	13.0651534686924	0.000300840553396909	0.0057251331709899
"PITG_03828"	-0.734160490813308	5.4016848940548	12.0261104504472	0.000524604349153799	0.00879318198946762
"PITG_01471"	-0.737904747692482	4.44674383599102	11.8544154975465	0.000575247880632117	0.00945879080916582
"PITG_00395"	-0.74856443559579	5.00915359215601	11.943939138965	0.000548254397328182	0.00909471564417413
"PITG_22765"	-0.749260576158336	4.6910676175705	11.9916776088973	0.000534386617827209	0.00891727936306027
"PITG_01718"	-0.761013794096192	4.59736504197349	11.8884215328626	0.00056483969074683	0.00930124744045329
"PITG_01397"	-0.765915959480295	7.3467827181212	14.5729738875015	0.000134834568143915	0.00300293938200913
"PITG_20102"	-0.771625920590694	6.55799096837979	13.3774099343336	0.000254673180238371	0.00500031611013904
"PITG_01462"	-0.777730489852861	4.77332857499093	12.6061248991427	0.000384484780178649	0.00698594559397296
"PITG_01438"	-0.778203921982237	4.18205219446115	11.841194877823	0.000579346387434418	0.00949840935783513
"PITG_00708"	-0.784304219856426	5.94367257361903	11.9104327193035	0.000558204317939075	0.00923253524097174
"PITG_00451"	-0.796128286240466	6.48600101332887	14.0531543092958	0.000177715506582173	0.00377125717458434
"PITG_09664"	-0.798220545372749	4.35397774425032	12.4009577050169	0.000429113712003716	0.00750581946952689
"PITG_12562"	-0.798278341081595	9.42301339844902	14.5991960905831	0.000132971257169533	0.00297913890315884
"PITG_01370"	-0.801468860754171	4.34677243330405	13.0063590101715	0.000310434960841923	0.00585815772582066
"PITG_09006"	-0.8017263643771	5.60132181917282	13.9925397378995	0.000183537419568753	0.00386562801102951
"PITG_03812"	-0.802323786536766	3.45884906371979	11.7678726782945	0.000602618089869358	0.0097801524628581
"PITG_03152"	-0.806053717271116	6.33521142410038	12.5325077706618	0.000399932686661293	0.00711715652987272
"PITG_10942"	-0.807558137912124	6.17899276531071	14.5609204513295	0.000135699864820247	0.00301623790441367
"PITG_06118"	-0.816261373643628	7.2344159707043	17.8934324757247	2.33625936457629e-05	0.000698827368973126
"PITG_03624"	-0.825750472395321	3.97951516108946	12.8678179473549	0.000334281153205454	0.00623700753627694
"PITG_17945"	-0.827656999221442	3.87039104762937	11.7335114062774	0.000613846637519812	0.009947716892693
"PITG_13448"	-0.846185454126346	6.56949392240532	13.8602203208528	0.000196922818732401	0.00408637898376338
"PITG_01594"	-0.848533433617384	3.63869714020432	13.7677628810862	0.000206855512605411	0.00425320649044435
"PITG_03973"	-0.859853067848349	5.44126949813708	15.7016329424613	7.41601185211109e-05	0.00182912029168187
"PITG_15926"	-0.86635543496894	3.68808010309878	14.7334159591444	0.000123831969239177	0.00282502668972216
"PITG_03748"	-0.869792757869386	3.85743953985077	13.2689059553993	0.000269844637834742	0.00524169713597123
"PITG_03471"	-0.871642686707537	4.29153126885085	11.772776031327	0.000601032774448981	0.00976851967373944
"PITG_04895"	-0.874479838925855	4.01332736714973	15.2962225201886	9.19001019998512e-05	0.00218520179110428
"PITG_04869"	-0.875538043241897	2.99378699967304	12.078957783607	0.000509940958013105	0.00861157050266275
"PITG_10795"	-0.876563012874801	4.31860251887051	13.6854433256443	0.000216123238126209	0.00441150282977399
"PITG_12555"	-0.88282231780279	3.78031582566671	14.9181315457337	0.000112278661802122	0.00260908700266213
"PITG_16760"	-0.885917546267601	8.99289271568174	17.3417031927535	3.12258523619417e-05	0.000893631454236025
"PITG_16118"	-0.893371369339031	4.31187537684869	14.8716854979184	0.00011507740352566	0.00266311843097345
"PITG_04947"	-0.907550109276104	4.30008427517375	14.0664115457324	0.000176467170254606	0.00375184548932619
"PITG_01276"	-0.907989600014475	4.49914473230602	14.6012535135067	0.000132826161196982	0.00297913890315884
"PITG_12462"	-0.910104694733118	5.96606265951899	15.6380555483405	7.66954680953227e-05	0.00187520419493064
"PITG_11922"	-0.911003523245255	4.66138472426996	14.1191324983157	0.000171589605005465	0.00367593959523135
"PITG_15477"	-0.912905906973474	4.32448544012513	14.5893743798687	0.000133666117500898	0.00298439297944555
"PITG_16871"	-0.917384328859295	7.3968382952371	15.8036985066181	7.02650234982487e-05	0.00174838654709027
"PITG_12196"	-0.918816220740907	2.86524111438543	12.0577832192207	0.000515765868853531	0.00869687965066817
"PITG_03011"	-0.921032555001425	4.9273971800694	17.1080774392951	3.53118037195373e-05	0.000985488477502818
"PITG_17097"	-0.921109288085451	3.1796243361487	13.9106956942606	0.000191704459518702	0.00400762092231754
"PITG_19649"	-0.925785716107536	3.74626072056814	12.3705860390143	0.000436150684962757	0.00760525078104826
"PITG_15959"	-0.925924681244485	5.17117439487072	17.1692200281185	3.41932048598047e-05	0.000961427437645559
"PITG_20559"	-0.930691189253244	3.32492421332147	13.8113468486593	0.000202111914493627	0.00417858952630483
"PITG_10451"	-0.93467397974973	3.551197439368	15.3703745569108	8.83628962821065e-05	0.00211001591185743
"PITG_15248"	-0.939369142783561	5.40361275981381	16.0643095302662	6.12271808729579e-05	0.00154746540062507
"PITG_01029"	-0.941363518826065	4.86255648522894	13.1856698574841	0.000282097961898789	0.00541425900593119
"PITG_00983"	-0.941479514781036	3.68423458612947	16.3752613498412	5.19589851533517e-05	0.00134650393092108
"PITG_15485"	-0.946285431041677	3.90523588867085	13.0677050268254	0.000300431011774021	0.0057251331709899
"PITG_04913"	-0.958073595824499	3.21723050318865	15.6080036259232	7.79240569914388e-05	0.00190111034486488
"PITG_13273"	-0.965733482487274	4.19296687295012	14.2215616655235	0.000162497874335036	0.00352141347330664
"PITG_13819"	-0.966954407162775	4.3536392720244	13.3768391217764	0.000254750700729943	0.00500031611013904
"PITG_17145"	-0.970521384336694	5.11695615089023	18.0433575693911	2.15930703217711e-05	0.000661736408471278
"PITG_02989"	-0.985100599204938	2.66492115474462	13.0533746714626	0.00030273843550937	0.00574181987213134
"PITG_02925"	-0.990332311662165	8.47296934283152	16.4655225244533	4.95428666143197e-05	0.00129583400188664
"PITG_05616"	-0.99233674783928	6.73951999752581	18.5619382655763	1.64471913744581e-05	0.00052107482081276
"PITG_18457"	-0.995561066168765	3.40378915043356	15.4429158866047	8.50350885122836e-05	0.00204356760790097
"PITG_00452"	-1.00146398032331	4.9380230576045	13.31420996757	0.00026340228529112	0.00514320399768962
"PITG_20211"	-1.0032438444697	3.6575246748928	16.5042516284483	4.85411048187849e-05	0.00127855223863436
"PITG_06822"	-1.00431214524104	3.96984846537673	15.2070682955936	9.63421378504063e-05	0.00227638660588975
"PITG_16005"	-1.00466934921452	9.22267620891333	25.7123521968148	3.962825050901e-07	2.16358705570309e-05
"PITG_06887"	-1.02504995860665	4.79400022843649	13.4269309652162	0.000248037571458322	0.00490277428153207
"PITG_04321"	-1.03120181727238	6.3025810269444	19.8140445897337	8.53532135400197e-06	0.00030475161672527
"PITG_00797"	-1.03159948269038	4.21738317034239	20.0737069769636	7.45140794099276e-06	0.000274102721245472
"PITG_07874"	-1.03834370362179	4.75836042616124	14.4438569563951	0.000144400070372131	0.00316582376505917
"PITG_03198"	-1.0383662711581	2.68337315802504	13.4521719404978	0.000244722707943783	0.00485431445545632
"PITG_00453"	-1.04088500196406	5.86833946938142	18.9238915337251	1.36038269118482e-05	0.000443484757326253
"PITG_01504"	-1.0427651849109	5.81496991588239	17.1589988555598	3.43776901197265e-05	0.000964204191462754
"PITG_06862"	-1.04521825914479	2.65215226134738	13.4675245828016	0.000242728339268999	0.00485431445545632
"PITG_17956"	-1.04602646865187	5.21373569467642	20.5992700676185	5.66176971371862e-06	0.000215969883716787
"PITG_16121"	-1.04992319994603	4.77124378886791	18.856421732331	1.40935823543793e-05	0.000454371006275796
"PITG_17947"	-1.05371153497805	3.4082293659474	14.0969778860318	0.000173622514075019	0.00370537460303936
"PITG_06860"	-1.05742376141125	3.74511239164864	15.0264214340294	0.000106016469975594	0.00248409841211564
"PITG_11161"	-1.05846492215557	6.55354833970366	28.0392026269753	1.1888256002727e-07	7.22741704122547e-06
"PITG_02911"	-1.06088593426626	3.22177776207792	16.9671243557356	3.80327110721806e-05	0.00104076375043507
"PITG_11861"	-1.06260816544513	2.36282690167372	12.4898927020631	0.000409159693538278	0.0072469591704331
"PITG_02840"	-1.06347152161672	3.46954861683974	14.7116968861486	0.000125266796711994	0.00285197502554616
"PITG_05446"	-1.06427728234239	3.30282500403325	19.2868599579122	1.12477764363999e-05	0.000376592553099526
"PITG_11906"	-1.06654376908872	7.04576166873121	25.6347707475437	4.12538416697233e-07	2.21087243002906e-05
"PITG_01676"	-1.0713352773142	4.16143902440373	14.7458023916888	0.000123021104050196	0.00281338151817277
"PITG_02997"	-1.07155347515048	2.6329572490995	12.7347630436814	0.000358921296379105	0.00662855142918849
"PITG_03890"	-1.07707332200293	3.70168257584242	19.8010036230446	8.59375411370746e-06	0.000305866938344518
"PITG_03738"	-1.07781668876092	6.92758598558796	23.599128594121	1.18641231558558e-06	5.73768055505371e-05
"PITG_10514"	-1.08191749704994	4.35613491286027	16.1369371043532	5.89235577421477e-05	0.00150255910002772
"PITG_03750"	-1.08775074380096	4.02646941590964	17.9425103708142	2.27678555878042e-05	0.00068807215293941
"PITG_07332"	-1.08971691996735	3.09183504376497	18.4372124464873	1.7559518177186e-05	0.000550389369036756
"PITG_01398"	-1.09146315996121	3.49884357856612	16.9322039148943	3.87387727788823e-05	0.00105495151923508
"PITG_13737"	-1.09437921857515	7.42472796934825	28.8447322630113	7.84188887433163e-08	5.01123432781863e-06
"PITG_04289"	-1.11454992331625	4.13976288630434	15.1317525433876	0.000100262672465156	0.00235418429481338
"PITG_14047"	-1.11576876396062	4.75239779562802	25.6731363466066	4.04417652991715e-07	2.18677179961434e-05
"PITG_01374"	-1.11861992886348	2.91592480239631	17.546702995317	2.80336446914373e-05	0.00081894649829765
"PITG_08308"	-1.12366970916157	2.47347318564662	15.9297916770014	6.57358429158551e-05	0.00163931491191712
"PITG_03130"	-1.12555843842055	2.6594092322989	15.6684626699211	7.54721885037911e-05	0.00185740854289308
"PITG_07426"	-1.12827275663474	2.57214812418872	15.4886964188637	8.30001170956033e-05	0.0019989485822391
"PITG_22922"	-1.13383663606729	3.82815471263044	19.3497231962109	1.088350206897e-05	0.000372955928140777
"PITG_08658"	-1.14191953625853	3.8781090199951	17.9206358355783	2.30310341474394e-05	0.000690746776150002
"PITG_07194"	-1.14368414268706	2.78574994792615	12.1194608368712	0.000498983288070577	0.00848198391156498
"PITG_07573"	-1.1441669865457	3.85741077660511	14.3390365593709	0.000152666120096415	0.00332115251977636
"PITG_06808"	-1.14459813355508	2.73890661801419	16.4807086203623	4.91476111191459e-05	0.00128893402220275
"PITG_04038"	-1.15107528947693	3.01446519643963	14.352630580604	0.000151567777311311	0.003303648820582
"PITG_07046"	-1.15906242265079	3.82852481752028	13.6890680185015	0.000215706490291914	0.00441100162966029
"PITG_05198"	-1.16069839979943	4.70598574498433	15.4270409828273	8.5752397834169e-05	0.00205335845978883
"PITG_20759"	-1.16101218985418	4.05803709511833	12.9507842063126	0.000319787508148372	0.00602343431673663
"PITG_08597"	-1.16477837505111	2.67977303162891	16.8494693062924	4.04646428302062e-05	0.00109400441805608
"PITG_18092"	-1.16611386697781	2.39347790884051	13.3394640669643	0.000259878609959907	0.00509208140456285
"PITG_00043"	-1.16781262270303	2.71753459842102	12.6755278446854	0.000370472612922285	0.00678616527286146
"PITG_05217"	-1.16883217785159	1.91352773783881	12.4182952803443	0.00042514815202368	0.00745965876101455
"PITG_01152"	-1.17291359335344	4.6602026181127	22.2638862392148	2.37634023123408e-06	0.000103994936111633
"PITG_01156"	-1.17640317062558	2.40642400170827	14.6116011127302	0.000132098828970238	0.00297143105885653
"PITG_07899"	-1.17743794459317	2.64945821999672	13.9347875114952	0.000189263079632619	0.00396395131588095
"PITG_03136"	-1.18240587214988	4.72418257083691	13.7763503414523	0.000205912078213751	0.00424156253419425
"PITG_18720"	-1.1898647863254	8.75903870718957	23.5492051109049	1.21759717359788e-06	5.85227154335699e-05
"PITG_16794"	-1.19459076853217	3.52324943047301	25.2271984481893	5.09584670120472e-07	2.65018317253711e-05
"PITG_03504"	-1.19584417680518	1.87354791175438	13.736445176144	0.000210333188660293	0.00431682002347139
"PITG_19279"	-1.19783772351838	2.35876979193136	15.9350353826674	6.55539867255243e-05	0.00163841264155994
"PITG_04658"	-1.19876102486759	5.57765631935323	27.4581719583124	1.60529114387139e-07	9.50247868164293e-06
"PITG_13366"	-1.20394660900088	6.13108230343236	15.4258240545049	8.58076354673022e-05	0.00205335845978883
"PITG_16476"	-1.20602506790362	2.63379034032343	12.6290185311185	0.000379804533129697	0.00691207376069532
"PITG_08967"	-1.20882530407544	5.9853520245747	21.0006844603969	4.59119320194117e-06	0.000185079390473951
"PITG_01188"	-1.21436651148495	2.54097375577476	19.2894313856067	1.12326383297112e-05	0.000376592553099526
"PITG_07297"	-1.21469337028923	3.66127458093966	20.1859081548259	7.02686802790238e-06	0.000261692664602047
"PITG_15449"	-1.22372127334503	8.55021358330217	32.9343309281671	9.53249518610749e-09	7.39392919711386e-07
"PITG_20209"	-1.22430278278982	5.68912860343239	22.3448272282461	2.27825882827771e-06	0.000100880224573384
"PITG_00912"	-1.22584841250427	7.82165731715654	22.2737259482629	2.36419419609175e-06	0.000103867547357203
"PITG_02572"	-1.22710824090672	2.91295937310543	17.2341744778475	3.30438510894772e-05	0.000933779379907915
"PITG_22685"	-1.22906802680236	4.50017230833116	17.6624281766946	2.63785970973419e-05	0.000774621622855886
"PITG_17079"	-1.23173706180398	3.79136767884351	27.0711985501279	1.96097929646189e-07	1.11954995671609e-05
"PITG_17571"	-1.23523318670609	3.59549506124835	27.2945334364255	1.74704628891322e-07	1.01781104580059e-05
"PITG_03346"	-1.24046472909721	2.4646995642838	15.5431374260712	8.06438514718443e-05	0.00195054063979319
"PITG_01443"	-1.24105654115618	2.47098542021835	18.4786489324877	1.71818403984904e-05	0.000542160775962879
"PITG_16892"	-1.24164598632786	1.54809109028761	12.9020879793367	0.000328215781727024	0.00615240482847307
"PITG_00919"	-1.24592000121612	3.65641881353394	14.5463527357609	0.000136753122973087	0.00302768183873684
"PITG_01932"	-1.24724441939166	3.79904018772243	12.1301523329066	0.000496130671167157	0.008480215286652
"PITG_10291"	-1.24774488052156	2.34350708119855	14.160162253172	0.000167887803820941	0.00361039030511305
"PITG_10058"	-1.24811162996324	4.07842635531863	22.109805475776	2.57491134524705e-06	0.000111384722692283
"PITG_03243"	-1.25118218648111	3.74107720211478	20.9577104538763	4.69534237803816e-06	0.00018793066094589
"PITG_01395"	-1.25828716321342	4.88758328750619	32.5087348156473	1.18658015931697e-08	9.07854901485572e-07
"PITG_13418"	-1.25870022482319	2.0396395248155	13.2401059965011	0.000274022413740029	0.00530452682845802
"PITG_06805"	-1.25916410509475	5.84412911739111	13.228694564068	0.000275695757920699	0.00532774946620979
"PITG_14418"	-1.25982362900233	1.24199481809344	12.2587935953613	0.000463070786648605	0.00801254944221056
"PITG_03045"	-1.26389623608834	6.42520882212454	26.7891688848233	2.26905545152549e-07	1.28241541021644e-05
"PITG_09982"	-1.27100531871274	2.54109591115879	13.9623114247738	0.000186512205862747	0.00391362458831776
"PITG_14001"	-1.27218980876507	3.59180022295252	18.013071573084	2.19393309928537e-05	0.000665098802362871
"PITG_06365"	-1.27474093845087	3.79868084268526	16.8429812259579	4.06032111211741e-05	0.0010951182625416
"PITG_03944"	-1.27635851597116	4.39610662540852	24.2211109114323	8.58856916510037e-07	4.27414324778247e-05
"PITG_17831"	-1.27880207477443	2.71872083127811	12.4505137147715	0.000417876871226126	0.00737811800734732
"PITG_07319"	-1.28516839480975	2.44093771728007	12.4419543629987	0.000419796277760444	0.00739932841640087
"PITG_07424"	-1.28855236831883	5.92667399235963	34.408210547435	4.46834332298019e-09	3.6952542171734e-07
"PITG_14893"	-1.30536944132999	4.11595085211644	25.376876623495	4.71536568835232e-07	2.48984591065252e-05
"PITG_13435"	-1.31880051109764	3.84765912316449	19.7892649052731	8.64669526756386e-06	0.00030678038383057
"PITG_12561"	-1.31927645202649	7.95010580551398	38.0523193456582	6.88727917847798e-10	6.73575903655147e-08
"PITG_01263"	-1.32095341436227	1.4993579018856	13.9958450167424	0.000183215057419404	0.00386562801102951
"PITG_13887"	-1.32762296063253	2.33149115375391	11.7277771628584	0.00061574093592756	0.009947716892693
"PITG_06847"	-1.33037037298734	3.29188324258513	22.6529439595694	1.94062650459481e-06	8.87244971429995e-05
"PITG_02860"	-1.33629970159603	5.97847302772332	28.2675513370637	1.05652288507668e-07	6.56503474500411e-06
"PITG_07833"	-1.33685986703564	4.9240615716113	36.5225228752154	1.50912358464923e-09	1.37992788264633e-07
"PITG_12051"	-1.3391352195294	3.03482139711972	21.2923868914345	3.94294328301473e-06	0.000163639421048216
"PITG_03972"	-1.343313981717	4.08799971639086	31.8885439454481	1.63277298926519e-08	1.21614555034871e-06
"PITG_17073"	-1.34718601027066	2.19598223741191	17.0805644511198	3.58270811632139e-05	0.000994931313191771
"PITG_16765"	-1.34724974836823	1.81124834932063	16.4287553356803	5.05131115778126e-05	0.00131205765800383
"PITG_08957"	-1.35246412218432	1.48666624784129	13.6469471798794	0.000220599698092075	0.00448659096644046
"PITG_20558"	-1.35314352663483	3.05876300928277	19.9995872561938	7.74588820620559e-06	0.000280122201463647
"PITG_06732"	-1.35810291968922	6.14957344146064	22.4181566788483	2.19291121133326e-06	9.78717158486711e-05
"PITG_15958"	-1.35996795408987	4.5131799888127	35.6351930400504	2.37949659986109e-09	2.09756019914543e-07
"PITG_03511"	-1.36000100168527	4.67789702534015	31.3132131172003	2.19580112450662e-08	1.57300479282331e-06
"PITG_01050"	-1.3738338930556	5.40279414778689	30.86920699108	2.76016773136143e-08	1.94022540466387e-06
"PITG_17567"	-1.37393407673665	3.28405823232923	16.1887267485131	5.73343023989581e-05	0.0014756038880574
"PITG_20097"	-1.37912644791701	2.41126955129945	17.1294044478109	3.49175107323048e-05	0.000976908565189633
"PITG_18373"	-1.39379829858938	1.56427355652665	13.5985005950373	0.000226366256540615	0.00457081021061453
"PITG_14227"	-1.39490799233973	2.2110561148948	17.0315752198894	3.67633594314782e-05	0.00101342525373979
"PITG_12238"	-1.40141998326928	3.74824277842649	16.1735634467639	5.77950991246636e-05	0.00148406730560523
"PITG_22670"	-1.4041534756906	1.56765596023948	13.6759054067655	0.00021722373730463	0.00442593364758184
"PITG_10724"	-1.40645212321521	2.35149987231583	13.4178416891478	0.000249242304358381	0.00491794420547142
"PITG_07422"	-1.40725794902149	1.99305866173617	16.0951904053791	6.02368243208047e-05	0.00152586388093714
"PITG_12176"	-1.40737864065269	2.66643450154978	16.7371136954107	4.29328665282343e-05	0.00114484583603762
"PITG_01429"	-1.42199257511046	4.72417475670385	38.7997663794627	4.69584052989932e-10	4.67381579113076e-08
"PITG_03540"	-1.4325607617388	4.92978666090563	43.4638572753869	4.31862574083617e-11	5.3968426341316e-09
"PITG_20412"	-1.43486246765122	4.34074744975825	34.8649407798824	3.53387280901391e-09	3.03400515137247e-07
"PITG_04893"	-1.43575724746674	1.76565351173284	12.5970315307144	0.000386359882118215	0.00700869289384447
"PITG_02399"	-1.44141378546918	2.32700139376696	17.4544634434737	2.94272535321002e-05	0.000850818304564348
"PITG_07895"	-1.45123387166519	2.05144986806107	16.144528240961	5.86878683807915e-05	0.00150255910002772
"PITG_04971"	-1.45279678567142	2.79062505874182	27.4297731153858	1.62903811560114e-07	9.59256109223352e-06
"PITG_19462"	-1.46201329722994	1.39491238317783	16.758743428423	4.2446216685152e-05	0.00113664904537596
"PITG_11676"	-1.47112831867456	4.01920638443615	14.5539671593669	0.00013620157101597	0.00302141828247853
"PITG_01496"	-1.47180504727125	1.21252348235629	13.1903414784321	0.000281395619039358	0.00541001115783873
"PITG_10834"	-1.48331264448568	2.34557739849713	16.0409889546843	6.19859161474215e-05	0.00156312914553823
"PITG_15572"	-1.49062427489173	1.85751690772876	15.3311785377057	9.02152163125615e-05	0.00214968334293936
"PITG_14695"	-1.49232806594864	3.39379963086358	16.7837508308756	4.18904799246687e-05	0.00112444445754833
"PITG_06591"	-1.49363225654988	2.68012643276926	22.9302012520195	1.67991571273635e-06	7.83983901292353e-05
"PITG_05347"	-1.50694888503953	3.48196127630405	33.410150683005	7.46334125867445e-09	5.86994399554626e-07
"PITG_00438"	-1.5070376873535	1.80395465170161	13.4543545565467	0.000244438173649264	0.00485431445545632
"PITG_01625"	-1.50803260334281	5.48304128843075	31.7287955886924	1.77274199433422e-08	1.30313916407039e-06
"PITG_02484"	-1.50842119024434	1.78046751226601	19.1416050205617	1.21370144753063e-05	0.000400307923178211
"PITG_10344"	-1.52329632514645	3.34652568902539	19.7103061545525	9.01140636805387e-06	0.000316722773192194
"PITG_08352"	-1.52933735445375	0.92045175056272	12.1923456088807	0.000479860074483567	0.00826491004244514
"PITG_14003"	-1.53347998258874	4.17362575613249	29.1961633240626	6.54085969531219e-08	4.32735582312801e-06
"PITG_20294"	-1.5337550751431	0.518090123593368	12.51805675064	0.00040303785705256	0.00716108495777273
"PITG_01275"	-1.53815545620751	3.89431781191566	37.7563838399145	8.01539861395422e-10	7.70505882146523e-08
"PITG_07271"	-1.54365404296505	2.42793401799418	25.1017955955507	5.43821960566438e-07	2.80567228921593e-05
"PITG_14436"	-1.54549931140286	4.32782824267817	21.582045181031	3.39010654602354e-06	0.000142803476865643
"PITG_10090"	-1.54885226787149	1.82112880765866	19.8422165015213	8.41044918952628e-06	0.000302211891484352
"PITG_20609"	-1.55006592950121	3.94281396646556	36.9642534349413	1.20314932441293e-09	1.10916561079281e-07
"PITG_14210"	-1.55582777817854	3.1745709194406	25.0824333414989	5.49309981543778e-07	2.80822243746494e-05
"PITG_20631"	-1.55730633813392	5.14486975436553	12.9448665829665	0.000320799960498377	0.00602343431673663
"PITG_02575"	-1.56125038769569	4.5985679565758	20.8419922227852	4.98773202336695e-06	0.000196831656374765
"PITG_11526"	-1.56508960938488	1.00155008356654	12.5635795453411	0.000393337604634367	0.00704065003618738
"PITG_18984"	-1.56830203186183	1.5406794772645	12.7896940719376	0.000348534111616074	0.0064579294124316
"PITG_03478"	-1.57366831028536	5.21027148213012	34.5708564735885	4.11014012398026e-09	3.44975716226911e-07
"PITG_13337"	-1.57974927001499	1.90579961435408	20.5083962784665	5.93702481924385e-06	0.000225586885614985
"PITG_07857"	-1.58543879593132	1.24031395978766	14.5883828492615	0.000133736468537437	0.00298439297944555
"PITG_03244"	-1.58722025709814	5.10340551021134	45.5872891647002	1.45985855800835e-11	1.90918944208371e-09
"PITG_13968"	-1.5922698958141	4.79536989976982	30.1070286827422	4.08846714418094e-08	2.80384085186604e-06
"PITG_03639"	-1.59304432417996	8.23246736628657	37.6752523185451	8.35579387295687e-10	7.96420454992762e-08
"PITG_14469"	-1.60734353999981	4.53182631610443	12.5866802427752	0.000388505603799804	0.00703626815770756
"PITG_07127"	-1.61406284884102	0.754753469774264	14.4594524871127	0.000143209333631413	0.0031520066053865
"PITG_13995"	-1.62864747142395	1.71874079765411	18.8916117378335	1.38359722960959e-05	0.000448452969493344
"PITG_03734"	-1.62955274836551	2.19698864232149	21.694172911563	3.1976111868274e-06	0.000135711445351879
"PITG_02085"	-1.6327786624232	2.50241197901327	19.7023145633021	9.04916967912869e-06	0.000317059225486481
"PITG_03889"	-1.6392187753276	1.55775437694194	20.9297371570305	4.76440750769032e-06	0.0001893473188657
"PITG_03640"	-1.65472975259379	3.82409235403814	37.422783816137	9.51046043404803e-10	8.91367904181151e-08
"PITG_11942"	-1.65708367569901	4.05367680891037	28.8196328957372	7.94417300063934e-08	5.02307358081187e-06
"PITG_14580"	-1.65828363398791	2.74106383821082	29.1477210060145	6.70645840079147e-08	4.41096711308197e-06
"PITG_17872"	-1.66014095572212	2.85510411521591	24.3402466730962	8.07344821374563e-07	4.05366393124987e-05
"PITG_07364"	-1.66018394115257	1.95171025100529	18.9303570400698	1.35578014999673e-05	0.000443269167064337
"PITG_01431"	-1.67961190264175	4.81977227176646	20.5982724362966	5.66472087636277e-06	0.000215969883716787
"PITG_19085"	-1.69204423750268	4.13351779255802	11.9985002818031	0.000532433795819308	0.00889789435598775
"PITG_01731"	-1.69285445323386	2.1292564924772	20.9385536559712	4.74253054237613e-06	0.000189146244716682
"PITG_06366"	-1.69716756542827	3.54672009125819	40.7850947348925	1.69924225331085e-10	1.89221560623635e-08
"PITG_18721"	-1.70080638169799	1.7911363782618	13.7194685995632	0.000212242913433278	0.00434808023202928
"PITG_04926"	-1.7079301884834	0.495608257487309	12.3910822036717	0.000431389160836394	0.00753390355889274
"PITG_15903"	-1.73426570223997	6.8179532185414	39.5649712842238	3.17324363369146e-10	3.24449737710253e-08
"PITG_03512"	-1.73745466764796	2.67921855026365	28.1226387554944	1.13866093217997e-07	6.96006494795007e-06
"PITG_05225"	-1.73925032158402	4.64950991119943	19.4945626554757	1.00886449556374e-05	0.000349745884414438
"PITG_15377"	-1.76324122379847	2.64367808083882	19.2171666254327	1.16659591585667e-05	0.00038704142376519
"PITG_14270"	-1.78065701171219	3.55823205695735	43.2139183614244	4.90703731405834e-11	5.99885311643633e-09
"PITG_20608"	-1.78987913716348	4.46363551583364	59.3078428659019	1.3483806900263e-14	2.66056800363610e-12
"PITG_20944"	-1.79558033097362	0.55281088010615	15.2009211227441	9.66562620023041e-05	0.00227902091979018
"PITG_20096"	-1.8069412646269	2.59741279305125	30.6196596869914	3.1389692644801e-08	2.17925847639554e-06
"PITG_01667"	-1.80916524180584	0.766867589085028	16.4800587206266	4.9164461236328e-05	0.00128893402220275
"PITG_19609"	-1.81191464314534	2.2959962255189	23.7979023802815	1.0699900306329e-06	5.20960081148406e-05
"PITG_04949"	-1.81988968316837	4.1268066460098	37.5026804404472	9.12874446076076e-10	8.62781419749381e-08
"PITG_11889"	-1.82936958890232	2.24073292892114	15.4886829114164	8.30007102254522e-05	0.0019989485822391
"PITG_16383"	-1.83024806929467	2.41722380061386	30.7939387364537	2.86932696090346e-08	2.00442983411685e-06
"PITG_23187"	-1.84387036044506	0.762368657542192	14.0247645926237	0.000180418758842372	0.00381940577584735
"PITG_03135"	-1.85256363435443	4.22804797562275	25.807589707215	3.77202292945974e-07	2.06946057988457e-05
"PITG_11334"	-1.86417438183163	1.36353425240204	20.0596639724267	7.50632507722996e-06	0.000274102721245472
"PITG_14206"	-1.86444197182454	2.69984175577974	15.7359756736866	7.28258407958389e-05	0.00180412385777709
"PITG_01693"	-1.8892370649899	0.599599724326342	17.0651455286829	3.61191524541045e-05	0.00100057169372245
"PITG_03600"	-1.8895612613554	1.7441793822318	12.4017692045588	0.000428927270854087	0.00750581946952689
"PITG_01396"	-1.89404450514918	2.03878611003651	25.220614473548	5.11327241433763e-07	2.65018317253711e-05
"PITG_18078"	-1.89659248076579	3.71997672175908	52.5581132573332	4.1770359287018e-13	7.11804895304684e-11
"PITG_20670"	-1.91002657959171	4.47065624284191	33.9601022160871	5.62538464539664e-09	4.5517051155954e-07
"PITG_04957"	-1.91087566321123	1.6351865033112	17.7496423707565	2.51964854595546e-05	0.000749695428475159
"PITG_04900"	-1.92339153228079	4.77525790036978	21.5214609889056	3.49890998393227e-06	0.00014683671861674
"PITG_13282"	-1.92710525152263	2.99026287495012	27.2850600471644	1.75562677056384e-07	1.01781104580059e-05
"PITG_03508"	-1.93380696650888	0.841612340622226	21.0615891906661	4.44754676098817e-06	0.000179933663384295
"PITG_03676"	-1.93619086372414	0.795735035308242	13.5479275206551	0.000232548065113769	0.00467438509887596
"PITG_13390"	-1.95379496509941	2.63731171184637	22.3810672715455	2.23567070842737e-06	9.93857251291803e-05
"PITG_18851"	-1.95930745687847	2.92064299273785	18.8143822903258	1.44076570116277e-05	0.000461660736210189
"PITG_10676"	-1.98888613517991	1.02874602871282	20.0916568432326	7.38179931291626e-06	0.00027310229234332
"PITG_14431"	-1.98898495329455	1.76330641150597	21.1234481022264	4.30626537098778e-06	0.000174846810929601
"PITG_19563"	-1.99106737882523	2.73821530767832	51.4140060509547	7.48029570854521e-13	1.23721890932365e-10
"PITG_05684"	-1.9948633970625	-0.0422030874761568	12.1112232832813	0.000501192450969443	0.00848932454224898
"PITG_19084"	-1.99832350414643	3.70834617138209	25.6211975184648	4.15450413394838e-07	2.21448853054585e-05
"PITG_02952"	-2.00320252723804	3.02588885402277	35.6289015559198	2.38719396719672e-09	2.09756019914543e-07
"PITG_17583"	-2.00513711008404	1.53360829829306	24.495711784039	7.44754069681963e-07	3.7561654805888e-05
"PITG_02320"	-2.00927101791709	2.8012916655802	23.0302844538976	1.59469461339282e-06	7.50440599030502e-05
"PITG_01852"	-2.01260862955083	2.15158538336213	18.2896052405771	1.89739681170088e-05	0.000589503368541431
"PITG_12296"	-2.01408137176449	2.07435696679691	30.5782550961283	3.20667638785008e-08	2.21260670761655e-06
"PITG_07710"	-2.01981527919582	2.32952947045182	20.8671607293247	4.92262074205396e-06	0.000194946181288313
"PITG_18083"	-2.02129586735334	5.42837562828383	18.8424581376141	1.41971335656783e-05	0.000456214746323382
"PITG_13281"	-2.02235502567982	2.42480805795852	43.4136640344731	4.43083314227284e-11	5.47621762100468e-09
"PITG_13752"	-2.02630150537021	4.0015297193031	27.1292854005801	1.90293293669566e-07	1.09195340505184e-05
"PITG_17584"	-2.03520191715173	0.195018945261894	13.2175755829729	0.000277336125571335	0.00534109487037809
"PITG_04914"	-2.03878472284653	1.96905972767971	33.8666893972836	5.90206127639319e-09	4.70783568621236e-07
"PITG_13636"	-2.04017000284517	0.860916658775331	20.7237437836695	5.30540485762573e-06	0.00020790901893281
"PITG_19024"	-2.05748203208821	4.39208595092921	78.4403206983928	8.24519267189201e-19	2.81011157517483e-16
"PITG_01490"	-2.06049997284565	0.81310200874827	17.5737140146913	2.76382424860077e-05	0.000809498211562836
"PITG_09907"	-2.07410118737993	3.53501396156132	19.6323745353561	9.38651753123836e-06	0.000327857648055397
"PITG_00916"	-2.08024206515796	1.08553055685465	20.1999082844188	6.97562799967888e-06	0.000260647468811922
"PITG_01556"	-2.08150674436825	1.67777124686165	31.5513328266402	1.94237012329384e-08	1.41387673846795e-06
"PITG_00844"	-2.09979089375024	0.982238933250644	16.6066956717602	4.59883783751374e-05	0.00121701480372981
"PITG_04948"	-2.10910305065702	2.8195828713177	42.2044550305299	8.22125212867067e-11	9.73309712538517e-09
"PITG_02051"	-2.11172193351382	1.05996936668855	18.0297709904665	2.1747721787551e-05	0.000664664747132028
"PITG_11943"	-2.1378301150436	3.57366696997326	46.8821383898747	7.53866559393734e-12	1.02153460162667e-09
"PITG_14466"	-2.14995860193813	4.12828481988247	47.7883351430802	4.7480867328812e-12	6.67521643558936e-10
"PITG_16795"	-2.15492396811534	4.34111134851135	73.1858181252571	1.18000598803458e-17	3.49250719669078e-15
"PITG_03433"	-2.18126315516736	3.12691980006137	27.6559947571504	1.44922247272986e-07	8.62402388930834e-06
"PITG_10284"	-2.21019329104736	5.00309705461885	13.9816140321201	0.000184607069227242	0.00388088917308185
"PITG_07661"	-2.21449711295223	5.53431579486743	12.6848870778851	0.000368622852188827	0.0067743483963525
"PITG_14532"	-2.21609294429556	2.78662340394486	12.560411308465	0.00039400501938463	0.00704065003618738
"PITG_14188"	-2.23909110079733	2.57145041014098	48.9358647808543	2.64470337596283e-12	4.07465463965122e-10
"PITG_15398"	-2.2582914115443	6.77524625585029	39.5469624005616	3.20264200950892e-10	3.24505537666188e-08
"PITG_02462"	-2.26178820881807	1.59611534866962	15.9752412342565	6.41763233993807e-05	0.00160755258189941
"PITG_14400"	-2.27681112183697	5.30950539051632	48.3689067236959	3.53123112471123e-12	5.29543419461696e-10
"PITG_14531"	-2.28063279823468	1.73060817115703	12.1232873150519	0.000497960441434101	0.00848198391156498
"PITG_04124"	-2.32285676975104	0.782668452314105	20.0026809285292	7.73336642725796e-06	0.000280122201463647
"PITG_15406"	-2.340334866893	5.60754902086085	83.4513635387572	6.53030152517942e-20	2.44821004178976e-17
"PITG_03432"	-2.34778875572864	2.73983698754856	34.7191795841724	3.80860776119871e-09	3.2451069310759e-07
"PITG_10059"	-2.36318198078732	0.717798015931067	17.1751408366542	3.40867937584312e-05	0.000960837517295929
"PITG_13967"	-2.37609999026719	0.794613757018126	23.9023655898142	1.01347148285913e-06	4.97751692913392e-05
"PITG_20098"	-2.37679680646101	4.02553112522994	87.9252265062279	6.79761791269888e-21	2.83158550607868e-18
"PITG_06915"	-2.38122646935487	1.82466731817915	31.066203971843	2.49375759036932e-08	1.76398060496124e-06
"PITG_05902"	-2.41644152762357	7.73118169007445	44.806559176354	2.17492907821234e-11	2.81165831524761e-09
"PITG_11224"	-2.43463430366365	1.35836351440307	19.2863867601725	1.125056440308e-05	0.000376592553099526
"PITG_14533"	-2.46175326942788	2.70304559499097	19.2640496221908	1.13829619693568e-05	0.000378769743400461
"PITG_03309"	-2.484196638849	1.95676707084078	20.3981573555287	6.28903213999344e-06	0.000237358202948008
"PITG_14384"	-2.49090718123282	0.73404903555737	20.2301254810023	6.86630875826066e-06	0.000257417915347192
"PITG_20212"	-2.51929943089031	1.95990963144972	20.6357878594109	5.55479936828565e-06	0.00021322467063177
"PITG_09906"	-2.51941386611906	2.18248545753514	21.3234328935498	3.87960062585377e-06	0.00016160691940362
"PITG_09885"	-2.52157266653466	-0.186277572879966	15.6616389926178	7.57449859591142e-05	0.00186005208969903
"PITG_16866"	-2.57710607601801	3.49984745355587	42.9459153079743	5.62742750070547e-11	6.80555667746606e-09
"PITG_16981"	-2.58226926249542	3.46298297347636	24.6717103217716	6.7974670032041e-07	3.44374375608273e-05
"PITG_12109"	-2.59847424143842	1.08089996070847	20.0994968978855	7.35160117583961e-06	0.000272882701071512
"PITG_13889"	-2.62168029152261	2.46007735382214	33.4924380546069	7.15416007203865e-09	5.66639706550836e-07
"PITG_11598"	-2.62464369972016	3.21456378178704	65.8973242602595	4.75036136160307e-16	1.16146335291195e-13
"PITG_18127"	-2.6322014921381	4.5663330216778	124.33086761675	7.13050446929079e-29	7.29061670601032e-26
"PITG_13638"	-2.70849639855079	3.62298419944307	85.6118955385244	2.18954316305646e-20	8.79492569817714e-18
"PITG_03358"	-2.75467909566134	0.579411608254179	29.6757985694419	5.10684261215746e-08	3.42600108670613e-06
"PITG_03357"	-2.75619130470785	2.84224799731763	81.8026034866277	1.50380329406167e-19	5.4558953704231e-17
"PITG_13012"	-2.76263332268566	0.81524417107661	32.3352154782541	1.29740592850977e-08	9.85940843104691e-07
"PITG_04928"	-2.83240636881993	2.24256618942006	67.646094575826	1.95639877120425e-16	5.36673584871567e-14
"PITG_13473"	-2.84659604111922	2.90222710191182	35.6860877522963	2.31813581720763e-09	2.06921218540748e-07
"PITG_12545"	-2.86566032051334	5.37884529817396	143.689654298271	4.15378243021659e-33	9.3435181985292e-30
"PITG_02335"	-2.89283280229798	2.47068541817586	47.0458626182198	6.93448895298026e-12	9.51124356758158e-10
"PITG_15897"	-2.89945806737125	0.443783467636723	24.2937655533896	8.27063210684541e-07	4.13421330247513e-05
"PITG_17766"	-2.99721614032392	2.87170937628029	22.5485840721473	2.04895494128413e-06	9.21783848984905e-05
"PITG_16909"	-3.01771742823866	5.13194049517307	45.6546396568678	1.41051579018749e-11	1.86636130496925e-09
"PITG_12572"	-3.03804551095329	1.36026625763893	44.1524441918276	3.03772256574467e-11	3.88241655646936e-09
"PITG_07134"	-3.09468461141994	2.91363091091669	21.1427477817296	4.26311480217924e-06	0.000173721928188804
"PITG_04320"	-3.18607795323252	2.67195246621772	40.6857370430673	1.78787398715709e-10	1.95225424597629e-08
"PITG_17317"	-3.22795268835987	-0.085595407543829	22.939840083664	1.67151320554466e-06	7.83312875948367e-05
"PITG_21523"	-3.23267467438581	3.51933414343796	59.8381129221006	1.02989510814643e-14	2.10604186933143e-12
"PITG_08913"	-3.26589594672259	0.181941770361545	29.0832098469901	6.93352865301708e-08	4.50759518846723e-06
"PITG_15399"	-3.30377932171368	4.9484477642405	121.729981590921	2.64493142239393e-28	2.28827259289727e-25
"PITG_19078"	-3.32726767999179	2.4999270471185	67.1270745185427	2.5455834984944e-16	6.65818083896895e-14
"PITG_04324"	-3.38977181993098	1.57476348453776	27.417311008944	1.63956970718542e-07	9.60429192537211e-06
"PITG_14489"	-3.39554991008317	1.12374431578611	47.4148621646182	5.7445489155884e-12	7.97641254982997e-10
"PITG_00329"	-3.44271812635242	2.512107186623	53.7605399494648	2.26475974371012e-13	3.97996138086059e-11
"PITG_06863"	-3.81751451855783	2.42747675983225	68.6254002769445	1.19060665322005e-16	3.34768825719148e-14
"PITG_09879"	-3.82110964777518	4.49713420502725	89.5382424924996	3.00767973301624e-21	1.30105284450899e-18
"PITG_08344"	-3.82666149539611	1.21921684021083	59.8818812314852	1.00724463667613e-14	2.0978667460549e-12
"PITG_13083"	-3.85698323236861	0.344508051318294	32.1739777668523	1.40966190036654e-08	1.06405821432365e-06
"PITG_07698"	-3.89694393747979	1.56437848124952	41.6597411710383	1.08622830898106e-10	1.27258435324062e-08
"PITG_14861"	-3.94618974197735	1.28684010972632	38.8691631506492	4.53183188409482e-10	4.55084939289415e-08
"PITG_01328"	-3.97521025098502	5.03278874022606	26.8651510249286	2.18157346330476e-07	1.23919983544387e-05
"PITG_16910"	-4.14201109205404	4.58308125627671	161.360084136038	5.70813127407165e-37	2.13997841464946e-33
"PITG_13013"	-4.66307860537157	3.94255529159219	187.70282618508	1.00871884001003e-42	5.67253039679642e-39
"PITG_08621"	-5.08010148373462	5.67809847143665	101.416590698929	7.45368745052309e-24	4.41219067137017e-21
"PITG_09880"	-5.15035195726973	4.01909790000182	111.004087421773	5.90488264585776e-26	4.01533415614905e-23
"PITG_16913"	-5.3016620044982	4.98388156210985	98.7047413918618	2.93099513926476e-23	1.64824511656554e-20
"PITG_08622"	-5.52120565772602	4.11563204687838	125.354395695879	4.2570730057247e-29	4.89515463785465e-26
"PITG_04969"	-5.90779696956633	3.1194480453074	157.763829004748	3.48534404634472e-36	9.79991612230976e-33
"PITG_16912"	-5.91884425437953	6.19382733379918	120.248977656819	5.57989708331069e-28	4.48265017828538e-25
"PITG_16908"	-6.04858463877151	2.83615633341284	80.5295017806329	2.86396975894988e-19	1.00659587121592e-16
"PITG_08103"	-8.38610744813909	1.15064213338999	68.6804462196101	1.15783282967406e-16	3.33901175265234e-14
