"CT.SI.1"	"CT.SI.2"	"CT.SI.3"	"ME.SI.4"	"ME.SI.5"	"ME.SI.6"
"PITG_00043"	12.3927136845625	5.45587266446952	8.36809102425524	4.32189155251021	3.12052238131448	4.21147742624632
"PITG_00065"	13.1672582898477	14.6974528920403	12.065619616368	26.0128944386935	26.2123880030416	20.0779737762906
"PITG_00124"	3.48545072378321	2.56091982209794	3.01640490409201	8.07296723959454	5.86658207687122	6.26824547162244
"PITG_00125"	32.0661466588055	16.3676179934086	20.5310140246262	47.3777168303478	47.3071193007275	40.939478236534
"PITG_00147"	11.0759878555778	14.1407311915843	6.81123688020775	22.6695443697705	29.5825521748612	16.8459097049853
"PITG_00179"	1451.8064081465	2709.00779441925	2744.83115933972	8006.18178333971	5942.84764387054	4226.65833324791
"PITG_00200"	5.4218122369961	2.11554246173308	5.05977596815433	11.4978624321498	11.3587014679847	10.675605568857
"PITG_00205"	74.8210088705462	95.9788211586271	109.271700235333	188.613870961436	158.647357866028	144.365528518304
"PITG_00213"	28.7356048560793	25.0524765205233	25.9800035287924	74.9399686180544	70.8982685034649	80.2139537696684
"PITG_00234"	260.634259678455	261.102477513899	262.719136808013	411.721329219322	421.769805058465	418.307443895303
"PITG_00257"	18.8214339084293	22.6029010385166	18.9741598805787	36.8583958817852	36.8221640995108	33.9856434164529
"PITG_00266"	687.563246111634	885.521536745431	892.563941459225	1357.56321823	1550.15069814178	1335.03834412008
"PITG_00329"	13.4770761319617	8.01679248656746	8.36809102425524	0.163090247264536	0.748925371515474	1.86088537438791
"PITG_00353"	17.3497991583875	12.8045991104897	23.0609020087034	38.7339337253273	36.5725223090057	31.3412273581122
"PITG_00360"	1.08436244739922	1.67016510136822	0.973033840029679	2.69098907986485	4.86801491485058	2.93824006482302
"PITG_00368"	10.6887155529352	15.6995519528613	12.6494399203858	30.6609664857328	27.4605969555674	29.0885766417479
"PITG_00384"	13.9418028951328	18.5945047952329	13.4278669924096	41.1802874342954	30.4562984416293	26.5421019189013
"PITG_00395"	41.5155908432844	37.0776652503745	41.7431517372732	26.1759846859581	23.4663283074849	21.9388591506785
"PITG_00403"	39.8115927116571	32.0671699462698	48.457085233478	91.4120835917725	88.7476565245837	62.6824547162244
"PITG_00416"	16.9625268557449	18.149127434868	21.212137712647	39.6309300852823	43.8121342336553	35.062998106888
"PITG_00436"	1.39418028951328	1.44747642118579	1.94606768005936	3.09871469802619	6.74032834363927	3.91765341976402
"PITG_00438"	6.42872022386681	3.22898586264523	4.76786581614543	2.69098907986485	0.873746266768053	1.37117869691741
"PITG_00451"	118.505324608629	104.775024025833	117.153274339573	71.3519831782346	71.2727311892226	53.4759691797789
"PITG_00452"	49.5708547382501	25.943231241253	46.1218040174068	24.5450822133127	18.3486716021291	17.8253230599263
"PITG_00453"	79.9330032654282	63.3549295119012	91.6597877307958	43.2189155251021	41.3157163286037	29.6762246547125
"PITG_00514"	10.6887155529352	10.6890566487566	4.76786581614543	27.3176164168098	21.0947312976859	18.0212057309145
"PITG_00550"	7.12581036862345	8.46216984693232	8.95191132827305	15.2489381192341	16.9756417543508	11.8509015947862
"PITG_00552"	22.8490658559121	24.6070991601585	32.7912404090002	52.025788877387	45.8092685576965	42.5065396044396
"PITG_00562"	8.51999065813673	8.35082550684111	8.56269779226118	19.5708296717443	15.1033283255621	19.1965017568437
"PITG_00570"	10.6112610924067	15.3655189325876	12.8440466883918	20.3047357844348	29.0832685938509	32.0268167065709
"PITG_00582"	2.71090611849805	2.89495284237158	3.69752859211278	5.05579766520062	14.229582058794	10.9694295753393
"PITG_00597"	6.35126576333829	12.1365330699424	8.56269779226118	20.9570967734929	20.2209850309178	13.2220802917036
"PITG_00623"	75.7504623968884	62.7982078114451	47.9705683134632	110.249007150826	129.314447481672	121.839021354661
"PITG_00625"	34.389780474661	49.9936087009554	55.2683221136858	91.248993344508	94.9887012872127	95.0030954292775
"PITG_00628"	11.6956235398059	7.46007078611139	15.4712380564719	44.4420923795861	20.9699104024333	22.428565828149
"PITG_00631"	593.301167648431	686.215167982156	930.609564604385	2146.0230186304	1464.273922208	1557.36517569169
"PITG_00689"	27.4188790270946	25.6091982209794	23.2555087767093	120.279057357595	87.4994475720579	96.5701567971831
"PITG_00692"	0.619635684228126	1.67016510136822	0.291910152008904	5.46352328336196	2.9957014860619	2.44853338735251
"PITG_00698"	1.78145259215586	0.445377360364859	1.07033722403265	9.4592343413431	1.62267163828353	2.84029872932892
"PITG_00707"	10.3788977108211	8.90754720729718	13.3305636084066	32.2103238347459	20.0961641356652	18.6088537438791
"PITG_00708"	69.089378791436	71.7057550187423	92.1463046508106	49.4978900447867	37.071805890016	48.4809610695798
"PITG_00716"	3.48545072378321	5.45587266446952	4.96247258415136	13.1287649047952	9.98567162020632	15.0829656660915
"PITG_00718"	6.27381130280977	5.67856134465195	5.93550642418104	8.96996359954949	13.1061940015208	11.2632535818216
"PITG_00750"	0.232363381585547	0.668066040547288	0.583820304017808	2.20171833807124	2.87088059080932	1.95882670988201
"PITG_00797"	27.2639701060375	21.7121463177869	25.1042730727657	13.9442161411178	10.1104925154589	12.0467842657744
"PITG_00844"	3.9501774869543	1.89285378155065	2.62719136808013	1.22317685448402	0.124820895252579	0.489706677470503
"PITG_00896"	3.02072396061211	2.11554246173308	2.52988798407717	8.56223798138815	17.8493880211188	12.7323736142331
"PITG_00912"	326.238187746108	238.165543455108	385.516007419759	183.965798914397	117.581283327929	104.405463636711
"PITG_00916"	3.48545072378321	2.33823114191551	3.40561844010388	0.40772561816134	0.374462685757737	1.37117869691741
"PITG_00919"	25.6374264349387	9.13023588747961	17.2226989685253	6.93133550874279	8.3629999819228	6.75795214909294
"PITG_00923"	1.16181690792774	0.445377360364859	0.778427072023743	23.6480858533577	24.8393581552632	6.26824547162244
"PITG_00965"	10.2239887897641	4.89915096401345	9.63303501629382	27.969977405868	17.8493880211188	18.0212057309145
"PITG_00972"	8.90726296077931	14.2520755316755	12.3575297683769	28.2146127767648	43.5624924431501	40.2538888880753
"PITG_00983"	18.5116160663153	17.0356840339559	14.3035974484363	8.64378310502042	9.23674624869085	8.12913084601035
"PITG_01029"	33.7701447904329	48.7688209599521	31.5262964169616	15.1673929956019	23.9656118884952	20.3717977827729
"PITG_01041"	426.076987367365	747.899932392689	788.254713808043	2479.70566453364	1381.76731044605	1002.03780344014
"PITG_01050"	43.0646800538548	69.0334908565531	70.3503466341458	24.3004468424159	23.4663283074849	22.5265071636431
"PITG_01152"	45.3108594091817	27.7247406827125	30.9424761129438	14.1888515120146	16.601179068593	15.4747310080679
"PITG_01156"	9.06217188183634	5.45587266446952	6.51932672819885	2.85407932712938	2.87088059080932	3.62382941328172
"PITG_01188"	8.3650817370797	7.34872644602017	7.78427072023743	3.66953056345206	3.61980596232479	2.84029872932892
"PITG_01263"	4.4149042501254	3.67436322301009	3.11370828809497	1.63090247264536	1.12338805727321	1.66500270339971
"PITG_01275"	19.673432974243	19.1512264956889	26.5638238328102	6.36051964331691	7.98853729616506	8.22707218150445
"PITG_01276"	29.587603921893	23.2709670790639	34.7373080890596	14.0257612647501	17.7245671258662	15.0829656660915
"PITG_01328"	137.714030819701	5.34452832437831	39.0186569851901	2.12017321443897	3.86944775282995	5.58265612316373
"PITG_01370"	28.9679682376649	23.3823114191551	24.325846000742	13.2918551520597	15.3529701160672	15.4747310080679
"PITG_01374"	11.7730780003344	8.90754720729718	9.34112486428492	3.75107568708433	5.11765670535574	5.09294944569323
"PITG_01395"	37.4105044352731	43.535636975665	43.4946126493267	16.8798405918795	16.3515372780879	18.7067950793732
"PITG_01396"	7.66799159232306	5.90125002483438	4.76786581614543	1.14163173085175	1.12338805727321	2.64441605834072
"PITG_01397"	206.028865005852	206.543750869203	201.61261165415	101.686769169438	126.81802957662	132.80845093
"PITG_01398"	18.5116160663153	12.6932547703985	14.0116872964274	8.96996359954949	5.86658207687122	6.26824547162244
"PITG_01415"	1.08436244739922	1.22478774100336	0.778427072023743	3.5879854398198	1.99713432404126	2.84029872932892
"PITG_01429"	36.0163241457598	44.092358676121	34.5427013210536	13.373400275692	13.4806566872785	15.8664963500443
"PITG_01431"	69.089378791436	21.0440802772396	37.5591062251456	16.3905698500859	8.98710445818569	14.3973763176328
"PITG_01438"	23.6236104611973	19.0398821555977	25.2988798407717	12.8025844102661	12.2324477347527	14.593258988621
"PITG_01443"	7.66799159232306	7.90544814647625	6.90854026421072	2.85407932712938	4.11908954333511	2.64441605834072
"PITG_01462"	37.7977767379157	32.9579246669996	32.0128133369764	18.1030174463635	21.0947312976859	20.8615044602434
"PITG_01471"	26.5668799612809	28.6154954034422	25.8827001447895	15.6566637373955	15.9770745923301	16.9438510404794
"PITG_01490"	2.01381597374141	4.00839624328373	1.65415752805045	0.489270741793608	0.748925371515474	0.587648012964603
"PITG_01496"	2.86581503955508	3.7857075631013	2.7244947520831	0.652360989058145	1.74749253353611	1.07735469043511
"PITG_01504"	68.1599252650938	87.4053069716036	71.0314703221666	25.2789883260031	43.4376715478975	41.4291849140045
"PITG_01556"	5.73163007911016	3.67436322301009	4.96247258415136	0.896996359954949	1.49785074303095	1.07735469043511
"PITG_01594"	16.4203456320453	14.0293868514931	16.7361820485105	8.48069285775588	9.48638803919601	8.32501351699855
"PITG_01625"	48.1766744487368	73.3759201201105	76.2858530583269	30.1716957439392	19.8465223451601	19.2944430923378
"PITG_01667"	2.4785427369125	2.89495284237158	1.65415752805045	0.733906112690413	0.873746266768053	0.391765341976402
"PITG_01676"	16.0330733294028	31.1764152255401	24.9096663047598	8.88841847591722	13.1061940015208	12.3406082722567
"PITG_01693"	1.70399813162735	2.56091982209794	2.04337106406233	0.570815865425877	0.249641790505158	0.783530683952804
"PITG_01718"	27.031606724452	34.9621227886414	28.7044982808755	18.5107430645249	17.3501044401085	17.531499053444
"PITG_01731"	5.26690331593907	5.78990568474317	8.07618087224634	1.14163173085175	1.74749253353611	3.03618140031712
"PITG_01852"	11.6181690792774	2.56091982209794	5.74089965617511	1.63090247264536	1.87231342878869	1.46912003241151
"PITG_01922"	2658.0821764176	2778.82069565645	3200.50290662562	5669.75090102797	5057.61785473925	4609.70689636534
"PITG_01932"	30.4396029877067	15.3655189325876	11.7737094643591	4.97425254156835	9.86085072495375	9.59825087842185
"PITG_01938"	75.7504623968884	186.94714701315	160.745190372903	290.8714559963	236.535596503637	332.314951331483
"PITG_01939"	16.5752545531024	30.5083491849928	26.7584306008162	64.9099184112854	47.0574775102223	65.0330467680828
"PITG_01943"	1534.76013537254	2035.15184818722	2233.30726963612	7866.08726093948	4308.69248322378	2966.15334543884
"PITG_01961"	21.1450677242848	26.7226416218915	26.1746102967984	49.9871607865803	47.9312237769904	44.4653663143217
"PITG_01985"	217.801943006186	181.379930008589	191.298452949835	125.416400146428	129.439268376924	115.081069205568
"PITG_02051"	4.64726763171094	1.44747642118579	2.82179813608607	0.733906112690413	0.748925371515474	0.587648012964603
"PITG_02052"	83.0311816865689	59.4578776087087	90.2975403547542	238.682576871649	172.377656343812	171.789102456652
"PITG_02085"	12.2378047635055	5.23318398428709	7.00584364821369	2.36480858533577	1.99713432404126	3.52588807778762
"PITG_02320"	16.3428911715168	4.5651179437398	11.1898891603413	3.5879854398198	1.74749253353611	2.54647472284661
"PITG_02335"	7.97780943443712	5.12183964419588	14.9847211364571	1.22317685448402	1.37302984777837	1.17529602592921
"PITG_02399"	9.52689864500744	4.34242926355738	7.00584364821369	2.52789883260031	2.12195521929384	3.03618140031712
"PITG_02406"	1.08436244739922	1.11344340091215	1.16764060803562	5.78970377789103	5.49211939111348	4.50530143272863
"PITG_02462"	7.59053713179454	1.33613208109458	4.67056243214246	1.54935734901309	0.624104476262895	0.587648012964603
"PITG_02477"	4.72472209223946	4.5651179437398	6.13011319218698	12.0686782975757	9.11192535343827	8.61883752348085
"PITG_02484"	5.65417561858165	4.45377360364859	4.18404551212762	2.12017321443897	1.12338805727321	1.66500270339971
"PITG_02507"	6.81599252650939	4.00839624328373	3.60022520810981	48.1931680666704	34.9498506707221	79.3324817502214
"PITG_02509"	4.64726763171094	6.68066040547288	2.52988798407717	17.6952918282022	9.86085072495375	12.2426669367626
"PITG_02510"	74.8984633310747	16.1449293132261	20.8229241766351	145.721135930863	87.0001639910476	199.408559065989
"PITG_02572"	13.4770761319617	7.5714151262026	9.53573163229086	4.72961717067155	4.99283581010316	3.42794674229352
"PITG_02575"	54.7603035936606	19.4852595159626	32.9858471770061	14.1073063883824	8.23817908667022	13.9076696401623
"PITG_02656"	1.54908921057031	0.556721700456074	0.778427072023743	6.27897451968464	3.12052238131448	4.79912543921093
"PITG_02772"	2.86581503955508	3.7857075631013	2.52988798407717	10.2746855776658	9.11192535343827	9.40236820743365
"PITG_02840"	11.1534423161063	12.9159434505809	20.1418004886144	7.58369649780093	5.99140297212379	7.44354149755164
"PITG_02843"	1.4716347500418	1.33613208109458	1.26494399203858	6.19742939605237	3.99426864808253	3.13412273581122
"PITG_02860"	80.6300934101849	101.991415523553	87.4757422186682	24.3004468424159	42.1894625953717	40.6456542300517
"PITG_02911"	10.9210789345207	14.6974528920403	11.4817993123502	6.03433914878784	6.74032834363927	4.99500811019913
"PITG_02925"	390.912662287419	650.028257452512	376.564096091486	233.055963341022	211.821059243627	268.45720058933
"PITG_02952"	11.6956235398059	12.5819104303073	13.9143839124244	5.21888791246516	1.99713432404126	2.05676804537611
"PITG_02989"	9.3719897239504	7.34872644602017	7.68696733623447	4.72961717067155	3.61980596232479	3.91765341976402
"PITG_02997"	10.5338066318781	6.56931606538167	7.10314703221666	3.09871469802619	4.24391043858769	4.30941876174042
"PITG_02998"	23.9334283033114	35.6301888291887	45.7325904813949	73.0644307745122	70.3989849224546	57.8833292770134
"PITG_03004"	7.66799159232306	5.01049530410466	9.63303501629382	14.5150320065437	12.4820895252579	20.1759151117847
"PITG_03011"	42.9872255933262	39.5272407323812	36.0995554651011	18.7553784354217	20.2209850309178	23.7018031895723
"PITG_03045"	113.23842129269	102.882170244282	146.928109844482	37.0214861290497	56.044581968408	58.2750946189898
"PITG_03130"	7.43562821073751	10.1323349483005	7.68696733623447	4.24034642887794	4.24391043858769	3.03618140031712
"PITG_03135"	47.2472209223946	13.9180425114018	25.3961832247746	8.56223798138815	6.36586565788153	9.01060286545725
"PITG_03136"	57.0064829489876	24.6070991601585	27.244947520831	13.5364905229565	14.229582058794	20.2738564472788
"PITG_03152"	105.492975239838	117.245590116049	84.6539440825821	46.9699912121864	62.5352685215421	66.4042254650002
"PITG_03188"	0.54218122369961	0.890754720729718	0.48651692001484	2.85407932712938	2.49641790505158	1.46912003241151
"PITG_03198"	8.75235403972228	8.90754720729718	7.39505718422556	3.09871469802619	5.24247760060832	4.01559475525812
"PITG_03243"	22.6167024743266	19.707948196145	13.2332602244036	9.62232458860763	7.36443281990216	6.26824547162244
"PITG_03244"	55.6897571200028	45.094457736942	52.9330408976146	19.7339199190089	17.4749253353611	13.9076696401623
"PITG_03273"	4.18254086853985	5.90125002483438	5.05977596815433	15.4120283664987	8.98710445818569	10.4797228978688
"PITG_03309"	10.3014432502926	2.11554246173308	5.83820304017808	1.7939927199099	0.374462685757737	0.979413354941006
"PITG_03346"	6.66108360545235	10.0209906082093	5.83820304017808	2.93562445076165	3.86944775282995	2.74235739383482
"PITG_03357"	12.7799859872051	13.6953538312194	9.92494516830273	1.95708296717443	1.24820895252579	2.05676804537611
"PITG_03358"	2.63345165796954	2.44957548200672	1.65415752805045	0.489270741793608	0.124820895252579	0.293824006482302
"PITG_03432"	17.3497991583875	6.90334908565531	7.78427072023743	2.12017321443897	1.37302984777837	2.74235739383482
"PITG_03433"	24.630518448068	8.68485852711475	8.07618087224634	2.44635370896804	2.9957014860619	3.72177074877582
"PITG_03471"	28.3483325534368	25.7205425610706	21.0175309446411	9.7038697122399	15.3529701160672	16.1603203565266
"PITG_03478"	60.8792059754134	59.3465332686175	44.9541634093712	12.3948587921047	23.3415074122323	19.9800324407965
"PITG_03504"	5.26690331593907	4.45377360364859	4.67056243214246	1.54935734901309	2.371597009799	2.44853338735251
"PITG_03508"	2.24617935532696	2.22688680182429	3.11370828809497	0.733906112690413	0.499283581010316	0.685589348458704
"PITG_03511"	32.7632368035622	35.2961558089151	41.5485449692673	10.9270465667239	14.6040447445518	17.2376750469617
"PITG_03512"	10.1465343292356	12.1365330699424	6.32471996019292	2.20171833807124	3.61980596232479	2.84029872932892
"PITG_03540"	44.8461326460106	42.1995048945704	45.440680329386	16.3090247264536	16.1018954875827	16.6500270339971
"PITG_03600"	8.98471742130783	1.44747642118579	3.98943874412168	1.22317685448402	0.998567162020632	1.66500270339971
"PITG_03624"	17.6596170005016	21.266768957422	20.9202275606381	12.8841295338984	10.1104925154589	10.5776642333629
"PITG_03639"	561.389929910682	355.967855271614	436.69758740532	103.317671642084	158.522536970775	187.165892129226
"PITG_03640"	18.2017982242012	27.3907076624388	18.098429424552	5.6266135306265	6.11622386737637	8.42295485249265
"PITG_03676"	1.54908921057031	4.00839624328373	1.94606768005936	1.06008660721948	0.374462685757737	0.391765341976402
"PITG_03734"	8.59744511866525	4.11974058337495	6.90854026421072	1.87553784354217	2.49641790505158	2.05676804537611
"PITG_03738"	146.311475938366	196.856793281268	151.695975660627	64.9914635349177	77.7634177423568	91.6730900224781
"PITG_03746"	10.5338066318781	10.5777123086654	14.4009008324393	19.4892845481121	22.4677611454642	20.5676804537611
"PITG_03748"	22.4617935532696	15.5882076127701	17.2226989685253	10.030050206769	9.48638803919601	10.7735469043511
"PITG_03750"	23.9334283033114	23.9390331196112	17.7092158885402	7.50215137416866	11.857985048995	11.655018923798
"PITG_03812"	13.1672582898477	13.8066981713106	14.2062940644333	8.56223798138815	8.3629999819228	6.66001081359884
"PITG_03828"	53.4435777646759	49.1028539802257	55.0737153456799	32.7811397001718	31.7045073941551	30.2638726676771
"PITG_03862"	8.98471742130783	7.68275946629382	11.0925857763383	22.1802736279769	16.9756417543508	16.3562030275148
"PITG_03889"	3.71781410536876	4.89915096401345	3.89213536011872	0.978541483587217	1.37302984777837	1.66500270339971
"PITG_03890"	15.4908921057031	21.3781132975132	15.3739346724689	7.99142211596227	8.48782087717538	8.22707218150445
"PITG_03943"	1.31672582898477	2.00419812164187	1.94606768005936	4.97425254156835	5.99140297212379	3.72177074877582
"PITG_03944"	37.4105044352731	26.3886086016179	24.5204527687479	9.37768921771083	12.7317313157631	14.4953176531269
"PITG_03972"	19.9057963558285	27.8360850228037	24.7150595367539	9.54077946497537	8.48782087717538	10.3817815623747
"PITG_03973"	51.0424894882919	60.3486323294384	55.9494458017066	27.4807066640743	31.3300447083973	33.3979954034883
"PITG_04038"	14.2516207372469	7.12603776583774	10.9952823923354	5.95279402515557	4.49355222909285	4.11353609075222
"PITG_04049"	0.54218122369961	0.779410380638503	0.194606768005936	3.18025982165845	6.98997013414443	3.23206407130532
"PITG_04076"	2.78836057902657	5.34452832437831	3.69752859211278	8.23605748685908	8.86228356293311	7.05177615557524
"PITG_04079"	4.80217655276798	5.12183964419588	4.96247258415136	12.9656746575306	9.48638803919601	8.03118951051625
"PITG_04124"	3.71781410536876	1.22478774100336	2.4325846000742	0.570815865425877	0.499283581010316	0.391765341976402
"PITG_04266"	0	0	0	3.75107568708433	5.24247760060832	1.86088537438791
"PITG_04289"	35.0868706194176	17.0356840339559	19.0714632645817	10.2746855776658	10.8594178869744	11.8509015947862
"PITG_04320"	15.8007099478172	8.01679248656746	9.14651809627899	0.652360989058145	0.249641790505158	2.64441605834072
"PITG_04321"	79.9330032654282	112.235094811944	125.132151827817	46.236085099496	51.6758506345677	57.2956812640488
"PITG_04324"	8.13271835549415	1.22478774100336	5.35168612016324	0.244635370896804	0.249641790505158	0.881472019446905
"PITG_04334"	7.358173750209	15.8108962929525	7.97887748824337	25.2789883260031	24.5897163647581	15.3767896725738
"PITG_04337"	11.1534423161063	15.3655189325876	14.1089906804304	33.5965909364945	21.5940148786962	21.2532698022198
"PITG_04446"	0.0774544605285157	0.222688680182429	0.0973033840029679	3.42489519255526	3.74462685757737	3.52588807778762
"PITG_04540"	0.387272302642579	0.445377360364859	0.48651692001484	1.30472197811629	2.74605969555674	1.37117869691741
"PITG_04558"	0.232363381585547	0	0.0973033840029679	2.20171833807124	1.87231342878869	3.13412273581122
"PITG_04658"	76.9897337653447	52.7772172032358	68.7934924900983	30.0086054966747	28.2095223270829	28.3050459577951
"PITG_04869"	8.98471742130783	10.0209906082093	11.1898891603413	5.8712489015233	5.74176118161864	4.79912543921093
"PITG_04885"	3.40799626325469	4.00839624328373	5.74089965617511	12.0686782975757	11.4835223632373	10.8714882398452
"PITG_04893"	4.25999532906837	4.11974058337495	5.64359627217214	2.93562445076165	0.873746266768053	1.17529602592921
"PITG_04895"	21.5323400269274	20.5987029168747	19.7525869526025	10.5193209485626	10.4849552012166	12.7323736142331
"PITG_04900"	63.3577487123259	21.0440802772396	44.1757363373474	17.939927199099	5.49211939111348	10.2838402268806
"PITG_04913"	12.7025315266766	10.911745328939	12.3575297683769	5.78970377789103	5.99140297212379	6.75795214909294
"PITG_04914"	5.18944885541055	5.12183964419588	7.5896639522315	1.63090247264536	1.62267163828353	1.07735469043511
"PITG_04924"	2.01381597374141	1.89285378155065	3.11370828809497	8.72532822865268	5.49211939111348	5.09294944569323
"PITG_04926"	2.55599719744102	1.22478774100336	1.65415752805045	0.652360989058145	0.624104476262895	0.391765341976402
"PITG_04928"	6.8934469870379	8.01679248656746	8.95191132827305	1.46781222538083	0.998567162020632	0.783530683952804
"PITG_04947"	30.4396029877067	18.9285378155065	26.7584306008162	13.6180356465888	12.6069104205105	14.3973763176328
"PITG_04948"	15.2585287241176	9.01889154738839	8.85460794427008	2.60944395623258	1.87231342878869	3.13412273581122
"PITG_04949"	39.0370481063719	20.1533255565099	21.114834328644	6.44206476694918	9.11192535343827	7.34560016205754
"PITG_04957"	6.73853806598087	2.78360850228037	3.98943874412168	1.95708296717443	0.748925371515474	0.783530683952804
"PITG_04969"	18.3567071452582	9.7983019280269	21.5040478646559	0.163090247264536	0.374462685757737	0.293824006482302
"PITG_04971"	11.3083512371633	9.24158022757082	8.85460794427008	3.09871469802619	3.24534327656706	4.40736009723453
"PITG_05127"	19.2087062110719	22.9369340587902	20.7256207926322	39.9571105798114	39.5682237950676	30.3618140031712
"PITG_05171"	703.98359174368	945.870169074869	1003.87901275862	1612.799455199	1575.98862345906	1353.15749118649
"PITG_05195"	1.54908921057031	0.334033020273644	0.973033840029679	3.75107568708433	5.11765670535574	5.38677345217553
"PITG_05196"	5.03453993435352	3.22898586264523	3.89213536011872	14.3519417592792	20.470626821423	14.0056109756564
"PITG_05198"	46.3952218565809	26.7226416218915	33.9588810170358	9.86695995950444	20.470626821423	17.8253230599263
"PITG_05217"	5.4218122369961	3.45167454282766	5.83820304017808	2.28326346170351	1.99713432404126	2.25265071636431
"PITG_05221"	0.851999065813673	1.11344340091215	0.681123688020775	10.2746855776658	7.48925371515474	4.50530143272863
"PITG_05225"	55.7672115805313	16.4789623334998	42.2296686572881	16.3905698500859	6.98997013414443	10.7735469043511
"PITG_05255"	11.5407146187488	13.2499764708546	19.0714632645817	102.991491147555	107.845253498228	94.513388751807
"PITG_05295"	15.9556188688742	4.45377360364859	9.82764178429976	40.3648361979727	65.6557909028566	86.9719059187613
"PITG_05347"	13.6319850530188	20.0419812164187	15.179327904463	6.11588427242011	4.61837312434542	6.26824547162244
"PITG_05386"	4.80217655276798	3.0062971824628	1.55685414404749	7.6652416214332	6.24104476262895	24.2894512025369
"PITG_05413"	30.4396029877067	15.031485912314	25.1042730727657	82.442119992223	59.4147461402276	58.3730359544839
"PITG_05446"	11.5407146187488	13.9180425114018	13.8170805284214	5.95279402515557	6.86514923889185	5.97442146514013
"PITG_05498"	161.027823438784	161.115260111988	131.943388708025	89.0472750064367	95.7376266587281	89.9101459835843
"PITG_05616"	140.270028017142	135.840094911282	149.749907980568	64.3391025458595	56.1694028636606	93.4360340613719
"PITG_05684"	1.4716347500418	1.33613208109458	0.875730456026711	0.0815451236322681	0.499283581010316	0.391765341976402
"PITG_05697"	0.387272302642579	0.222688680182429	0.583820304017808	2.44635370896804	1.99713432404126	4.60324276822273
"PITG_05733"	8.51999065813673	8.79620286720596	8.27078764025227	18.9184686826862	31.0804029178922	29.3824006482302
"PITG_05795"	4.56981317118243	2.44957548200672	3.60022520810981	21.283277268022	20.3458059261704	20.8615044602434
"PITG_05902"	448.538780920635	225.583633024801	398.262750724148	92.7168055698888	30.830761127387	77.0798310338571
"PITG_06011"	5.57672115805313	10.5777123086654	8.27078764025227	29.4377896312488	15.4777910113198	17.3356163824558
"PITG_06118"	191.932153189662	183.384128130231	200.153060894105	113.592357219749	103.351701269135	109.792237088887
"PITG_06194"	0.464726763171094	1.55882076127701	0.48651692001484	8.07296723959454	5.11765670535574	2.74235739383482
"PITG_06201"	3.64035964484024	4.45377360364859	5.83820304017808	12.476403915737	10.4849552012166	8.91266152996315
"PITG_06206"	0.309817842114063	0.445377360364859	0.583820304017808	3.91416593434887	1.24820895252579	1.66500270339971
"PITG_06236"	4.4149042501254	3.34033020273644	3.30831505610091	11.9871331739434	8.3629999819228	13.0261976207154
"PITG_06277"	0.154908921057031	0.445377360364859	0.583820304017808	1.87553784354217	1.49785074303095	0.979413354941006
"PITG_06357"	3.40799626325469	1.67016510136822	2.04337106406233	17.939927199099	22.5925820407168	33.4959367389824
"PITG_06365"	21.2225221848133	15.6995519528613	21.212137712647	9.4592343413431	3.86944775282995	10.4797228978688
"PITG_06366"	16.1105277899313	14.3634198717667	22.0878681686737	4.56652692340701	5.61694028636606	6.07236280063423
"PITG_06374"	20.6028865005852	13.3613208109458	25.9800035287924	63.1974708150078	38.8192984235521	37.3156488232523
"PITG_06392"	1.62654367109883	3.89705190319252	2.52988798407717	8.88841847591722	4.99283581010316	5.68059745865783
"PITG_06476"	7.74544605285157	5.12183964419588	8.66000117626415	14.1073063883824	14.1047611635414	15.7685550145502
"PITG_06577"	4.33744978959688	6.68066040547288	3.89213536011872	8.88841847591722	8.86228356293311	16.4541443630089
"PITG_06581"	4.64726763171094	4.89915096401345	4.67056243214246	12.1502234212079	7.61407461040732	8.12913084601035
"PITG_06591"	9.52689864500744	10.911745328939	7.00584364821369	2.28326346170351	4.36873133384027	3.23206407130532
"PITG_06702"	19.9832508163571	13.5840094911282	18.7795531125728	40.2017459507082	28.7088059080932	30.8515206806417
"PITG_06710"	11.6956235398059	12.4705660902161	10.2168553203116	25.9313493150613	19.7217014499075	16.8459097049853
"PITG_06719"	139.108211109214	73.4872644602017	107.325632555274	262.08602735411	167.259999638456	187.949422813179
"PITG_06732"	100.226071923899	82.2834673274077	122.991477379751	59.0386695097621	30.2066566511241	29.6762246547125
"PITG_06771"	1233.92701067978	1756.79099795919	1864.13823072886	4002.88702886078	3160.2154260048	2470.76607050967
"PITG_06799"	571.691373160975	802.124626017111	812.580559808785	1678.60636997024	1444.17775807234	1002.91927545959
"PITG_06805"	95.5788042921884	96.2015098388095	50.4031529135374	16.3905698500859	43.4376715478975	41.5271262494986
"PITG_06808"	8.98471742130783	9.68695758793568	8.07618087224634	3.18025982165845	3.61980596232479	5.28883211668143
"PITG_06822"	25.4050630533532	15.9222406330437	20.4337106406233	10.2746855776658	8.23817908667022	12.2426669367626
"PITG_06847"	18.2017982242012	11.3571226893039	11.3844959283472	5.8712489015233	5.86658207687122	4.60324276822273
"PITG_06860"	15.6458010267602	23.2709670790639	14.6928109844482	6.36051964331691	10.4849552012166	9.01060286545725
"PITG_06862"	7.51308267126603	10.4663679685742	6.71393349620479	4.0772561816134	3.99426864808253	3.81971208426992
"PITG_06863"	11.3858056976918	12.8045991104897	4.76786581614543	0.978541483587217	0.374462685757737	0.587648012964603
"PITG_06887"	47.6344932250372	39.7499294125637	23.2555087767093	14.8412125010728	20.9699104024333	18.7067950793732
"PITG_06915"	8.28762727655118	3.11764152255401	5.05977596815433	0.978541483587217	1.12338805727321	1.07735469043511
"PITG_06937"	26.5668799612809	22.1575236781517	43.7865228013356	78.1202284397128	58.6658207687122	101.2713409009
"PITG_07041"	4.95708547382501	4.89915096401345	6.81123688020775	18.2661076936281	13.8551193730363	21.7429764796903
"PITG_07046"	25.2501541322961	10.0209906082093	22.4770817046856	8.48069285775588	7.61407461040732	9.79413354941006
"PITG_07057"	10.1465343292356	13.3613208109458	10.3141587043146	20.5493711553316	24.9641790505158	24.1915098670428
"PITG_07090"	0.232363381585547	0.222688680182429	0.291910152008904	3.01716957439392	2.24677611454642	1.56706136790561
"PITG_07127"	2.78836057902657	2.11554246173308	1.75146091205342	0.652360989058145	0.748925371515474	0.783530683952804
"PITG_07134"	9.91417094765001	1.55882076127701	27.6341610568429	1.14163173085175	1.87231342878869	1.56706136790561
"PITG_07194"	13.4770761319617	5.90125002483438	7.97887748824337	3.5879854398198	4.61837312434542	4.30941876174042
"PITG_07263"	15.1036198030606	12.9159434505809	18.0011260405491	33.9227714310235	27.9598805365777	24.6812165445133
"PITG_07271"	8.51999065813673	5.78990568474317	8.66000117626415	2.20171833807124	3.24534327656706	2.54647472284661
"PITG_07280"	4.33744978959688	5.78990568474317	4.67056243214246	9.21459897044629	11.3587014679847	8.03118951051625
"PITG_07285"	260.479350757398	203.648798026832	215.137782030562	417.42948787358	346.377984325907	351.511453088327
"PITG_07297"	20.2930686584711	12.8045991104897	18.9741598805787	8.96996359954949	5.49211939111348	7.83530683952804
"PITG_07319"	11.1534423161063	6.68066040547288	4.18404551212762	2.77253420349711	2.87088059080932	3.42794674229352
"PITG_07332"	12.470168145091	10.1323349483005	11.2871925443443	4.89270741793608	4.86801491485058	6.17030413612834
"PITG_07364"	7.28071928968048	3.45167454282766	5.74089965617511	1.14163173085175	2.12195521929384	2.05676804537611
"PITG_07381"	3.25308734219766	4.5651179437398	2.82179813608607	6.84979038511052	7.48925371515474	6.95383482008114
"PITG_07390"	0	0.111344340091215	0.0973033840029679	3.50644031618753	1.74749253353611	3.62382941328172
"PITG_07400"	191.854698729134	333.921675933553	296.483411057043	461.219219264108	494.540386990718	588.52948498405
"PITG_07422"	6.04144792122423	3.67436322301009	6.61663011220182	1.54935734901309	2.12195521929384	2.54647472284661
"PITG_07424"	90.3893554367779	78.83179278458	88.8379895947097	36.6953056345206	29.3329103843561	39.4703582041225
"PITG_07426"	7.82290051338009	6.23528304510803	9.53573163229086	3.8326208107166	3.61980596232479	3.33000540679942
"PITG_07434"	0.154908921057031	1.11344340091215	0.778427072023743	6.19742939605237	7.23961192464959	4.60324276822273
"PITG_07436"	1.54908921057031	0.668066040547288	0.973033840029679	6.11588427242011	1.49785074303095	5.09294944569323
"PITG_07449"	1.0069079868707	1.89285378155065	1.84876429605639	3.99571105798114	8.3629999819228	5.87648012964603
"PITG_07452"	1.39418028951328	5.01049530410466	2.52988798407717	25.1158980787386	35.4491342517325	17.2376750469617
"PITG_07470"	14.6388930398895	10.5777123086654	14.0116872964274	31.3133274747909	22.2181193549591	21.6450351441962
"PITG_07501"	0.232363381585547	0.111344340091215	0.291910152008904	2.44635370896804	1.24820895252579	1.76294403889381
"PITG_07521"	0.697090144756642	1.67016510136822	1.26494399203858	6.93133550874279	4.99283581010316	3.62382941328172
"PITG_07522"	0.851999065813673	0.668066040547288	0.875730456026711	3.5879854398198	4.86801491485058	3.62382941328172
"PITG_07530"	1.54908921057031	2.00419812164187	2.82179813608607	6.44206476694918	6.98997013414443	6.36618680711654
"PITG_07531"	0.232363381585547	0.890754720729718	0.291910152008904	2.28326346170351	1.99713432404126	1.07735469043511
"PITG_07573"	20.3705231189996	24.384410479976	14.3035974484363	5.70815865425877	8.61264177242795	12.4385496077508
"PITG_07661"	118.737687990215	19.0398821555977	89.2272031307216	32.3734140820104	4.24391043858769	12.1447256012685
"PITG_07698"	5.73163007911016	1.78150944145944	7.68696733623447	0.163090247264536	0.249641790505158	0.587648012964603
"PITG_07710"	11.4632601582203	5.12183964419588	6.32471996019292	3.26180494529072	0.748925371515474	1.46912003241151
"PITG_07718"	0.851999065813673	0.556721700456074	0.875730456026711	2.36480858533577	3.49498506707221	2.35059205185841
"PITG_07833"	42.4450443696266	43.535636975665	43.5919160333296	17.6137467045699	18.7231342878869	14.9850243305974
"PITG_07853"	1.54908921057031	1.00209906082093	1.45955076004452	3.99571105798114	2.74605969555674	3.03618140031712
"PITG_07857"	3.87272302642579	2.44957548200672	3.30831505610091	0.978541483587217	0.499283581010316	1.66500270339971
"PITG_07874"	48.7188556724364	31.3991039057226	28.0233745928548	13.1287649047952	19.8465223451601	19.8820911053024
"PITG_07895"	3.56290518431172	6.0125943649256	7.8815741042404	2.0386280908067	2.24677611454642	2.05676804537611
"PITG_07899"	9.13962634236486	9.46426890775325	6.61663011220182	2.28326346170351	4.49355222909285	4.50530143272863
"PITG_07947"	1.54908921057031	2.33823114191551	2.14067444806529	11.4163173085175	8.73746266768053	11.4591362528098
"PITG_08061"	52.4366697778052	44.7604247166683	45.3433769453831	97.2017873696635	87.4994475720579	78.0592443887981
"PITG_08103"	3.25308734219766	1.89285378155065	6.81123688020775	0	0	0
"PITG_08104"	0.697090144756642	0.556721700456074	0.583820304017808	2.12017321443897	2.49641790505158	1.66500270339971
"PITG_08119"	16.1879822504598	16.1449293132261	18.3903395765609	33.9227714310235	28.8336268033458	25.366805892972
"PITG_08154"	6.19635684228126	2.89495284237158	5.83820304017808	12.8841295338984	10.2353134107115	11.7529602592921
"PITG_08174"	0.464726763171094	0.334033020273644	0.291910152008904	1.22317685448402	1.62267163828353	1.17529602592921
"PITG_08175"	2.71090611849805	3.89705190319252	3.01640490409201	32.2918689583782	20.7202686119281	25.6606298994543
"PITG_08178"	1.70399813162735	0.222688680182429	0.48651692001484	15.3304832428664	1.87231342878869	2.64441605834072
"PITG_08185"	69.1668332519646	89.186816413063	89.8110234347394	199.948643146321	120.951447499749	197.351791020613
"PITG_08190"	2.55599719744102	3.45167454282766	3.01640490409201	7.09442575600732	8.48782087717538	5.68059745865783
"PITG_08308"	6.73853806598087	7.79410380638503	7.49236056822853	2.77253420349711	3.86944775282995	3.52588807778762
"PITG_08344"	3.40799626325469	4.00839624328373	4.47595566413653	0	0.499283581010316	0.391765341976402
"PITG_08352"	2.86581503955508	1.89285378155065	2.7244947520831	1.14163173085175	0.249641790505158	1.07735469043511
"PITG_08434"	0	0.222688680182429	0	2.52789883260031	2.24677611454642	2.84029872932892
"PITG_08491"	16.8076179346879	19.5966038560538	23.5474189287182	107.802653441858	146.414910131275	161.505262229772
"PITG_08536"	11.3083512371633	8.79620286720596	8.36809102425524	19.0815589299507	20.9699104024333	16.9438510404794
"PITG_08597"	8.51999065813673	7.46007078611139	9.73033840029679	4.48498179977474	4.11908954333511	2.84029872932892
"PITG_08621"	140.734754780313	33.2919576872732	122.407657075734	4.32189155251021	1.74749253353611	2.54647472284661
"PITG_08622"	47.0923120013376	13.3613208109458	39.407870521202	0.978541483587217	0.748925371515474	0.391765341976402
"PITG_08658"	23.8559738427828	19.4852595159626	16.3469685124986	6.84979038511052	12.2324477347527	8.22707218150445
"PITG_08732"	10.6887155529352	9.01889154738839	14.3035974484363	26.9914359222807	17.3501044401085	19.5882670988201
"PITG_08733"	53.0563054620333	36.0755661895536	55.3656254976888	180.214723227312	115.084865422878	105.384876991652
"PITG_08834"	1332.37163001153	1821.81609257246	1793.2040637907	3453.76216632108	3622.30238022984	3080.05911861847
"PITG_08846"	17.7370714610301	17.3697170542295	17.6119125045372	232.077421857435	193.846850327255	196.078553659189
"PITG_08847"	1.93636151321289	0.668066040547288	0.973033840029679	3.99571105798114	3.86944775282995	4.21147742624632
"PITG_08850"	13.7868939740758	23.1596227389727	23.4501155447153	39.7124752089146	52.7992386918409	29.5782833192184
"PITG_08867"	0.54218122369961	0.111344340091215	0.875730456026711	2.0386280908067	2.49641790505158	2.05676804537611
"PITG_08869"	5.49926669752462	8.35082550684111	9.73033840029679	28.4592481476616	28.8336268033458	43.6818356303689
"PITG_08913"	1.93636151321289	1.11344340091215	1.94606768005936	0.0815451236322681	0.124820895252579	0.293824006482302
"PITG_08938"	26.0246987375813	12.2478774100336	22.4770817046856	73.7167917635703	28.0847014318303	54.6512652057081
"PITG_08957"	3.33054180272618	3.0062971824628	4.8651692001484	1.22317685448402	1.62267163828353	1.56706136790561
"PITG_08959"	1031.77086870036	1290.92627901754	1488.15795494139	2330.72272365749	2276.73312940704	2167.63763715543
"PITG_08967"	115.484600648017	56.3402360861547	92.3409114188166	36.4506702636238	37.071805890016	40.8415369010399
"PITG_08968"	38.1850490405583	35.0734671287326	31.6235998009646	83.8283870939716	66.1550744838669	66.5021668004943
"PITG_09002"	0.0774544605285157	0.222688680182429	0.0973033840029679	1.71244759627763	2.24677611454642	1.86088537438791
"PITG_09006"	65.9912003702954	59.5692219487999	58.6739405537897	31.8025982165846	37.5710894710263	36.4341768038054
"PITG_09063"	2.63345165796954	6.7920047455641	1.75146091205342	15.5751186137632	11.9828059442476	5.48471478766963
"PITG_09073"	1.0069079868707	0.779410380638503	1.07033722403265	3.09871469802619	2.24677611454642	2.05676804537611
"PITG_09160"	0	0.334033020273644	0.389213536011872	9.62232458860763	21.9684775644539	5.48471478766963
"PITG_09182"	0.464726763171094	1.33613208109458	0.778427072023743	2.20171833807124	8.48782087717538	5.09294944569323
"PITG_09198"	1.31672582898477	2.67226416218915	1.26494399203858	6.93133550874279	4.86801491485058	2.84029872932892
"PITG_09200"	0.54218122369961	0.779410380638503	0.48651692001484	2.36480858533577	2.24677611454642	1.17529602592921
"PITG_09201"	0.697090144756642	0.334033020273644	0.48651692001484	2.28326346170351	2.49641790505158	1.27323736142331
"PITG_09235"	0.464726763171094	0.779410380638503	0.583820304017808	3.8326208107166	6.36586565788153	4.01559475525812
"PITG_09342"	1.4716347500418	3.22898586264523	2.14067444806529	11.5794075557821	10.3601343059641	14.7891416596092
"PITG_09355"	1.16181690792774	1.55882076127701	4.67056243214246	11.9871331739434	9.48638803919601	11.8509015947862
"PITG_09366"	12.0054413819199	11.4684670293951	11.9683162323651	21.8540931334478	29.0832685938509	24.1915098670428
"PITG_09428"	7.04835590809493	8.79620286720596	8.66000117626415	22.7510894934028	27.3357760603148	30.8515206806417
"PITG_09442"	927.517164828976	976.044485239588	1242.85612386991	2942.71887651766	1812.89868264846	1569.80372529944
"PITG_09473"	2.78836057902657	1.44747642118579	1.55685414404749	6.52360989058145	4.61837312434542	5.19089078118733
"PITG_09531"	1.16181690792774	0.111344340091215	0	3.34335006892299	3.74462685757737	3.52588807778762
"PITG_09552"	161.957276965126	263.552052995905	259.118911599904	408.051798655869	469.076924359192	336.134663415753
"PITG_09555"	1202.79031754732	1568.73040754512	1649.48696561831	2946.63304245201	2822.07562076556	3069.97116106258
"PITG_09563"	1388.60356835523	1890.07017304837	2060.30185287884	3204.56026850087	3280.16830634252	2834.22636652828
"PITG_09664"	28.1159691718512	23.9390331196112	25.0069696887628	13.4549453993242	13.2310148967734	17.6294403889381
"PITG_09711"	28.1934236323797	32.2898586264523	43.9811295693415	63.1159256913755	49.6787163105265	82.6624871570209
"PITG_09721"	31.83378327722	40.8633728134758	42.3269720412911	73.5537015163058	57.4176118161864	65.5227534455533
"PITG_09722"	20.9127043426993	24.6070991601585	27.1476441368281	49.0901644266254	41.4405372238562	38.5888861846756
"PITG_09767"	35.3192340010032	40.3066511130197	26.7584306008162	55.5322291935746	100.980104259336	66.208342794012
"PITG_09799"	2.32363381585547	1.11344340091215	1.65415752805045	5.46352328336196	6.24104476262895	5.58265612316373
"PITG_09879"	38.1075945800297	20.8213915970572	66.0689977380152	2.0386280908067	3.74462685757737	3.13412273581122
"PITG_09880"	38.5723213432008	12.3592217501248	41.8404551212762	0.978541483587217	1.24820895252579	0.391765341976402
"PITG_09885"	0.929453526342189	1.78150944145944	0.875730456026711	0.244635370896804	0	0.293824006482302
"PITG_09906"	12.7025315266766	1.78150944145944	7.10314703221666	1.54935734901309	0.998567162020632	1.17529602592921
"PITG_09907"	30.6719663692922	5.34452832437831	18.5849463445669	4.15880130524567	2.9957014860619	5.77853879415193
"PITG_09982"	9.13962634236486	9.90964626811811	4.76786581614543	2.52789883260031	3.24534327656706	4.11353609075222
"PITG_10058"	30.6719663692922	17.8150944145944	21.6986546326618	7.99142211596227	10.8594178869744	10.8714882398452
"PITG_10059"	4.10508640801133	1.22478774100336	1.65415752805045	0.570815865425877	0.249641790505158	0.489706677470503
"PITG_10090"	6.35126576333829	4.23108492346616	4.18404551212762	1.95708296717443	1.37302984777837	1.66500270339971
"PITG_10095"	2.55599719744102	3.56301888291887	2.23797783206826	5.54506840699423	9.73602982970117	6.07236280063423
"PITG_10139"	9.75926202659298	8.68485852711475	15.276631288466	22.2618187516092	23.5911492027374	24.5832752090192
"PITG_10193"	1975.32110685874	2435.65743949532	2774.31408469262	6499.63562423356	4031.09081218204	3384.36284799864
"PITG_10202"	1045.55776267443	1479.76627981224	1765.95911626987	3767.62934718168	2574.5557854797	2260.77984721032
"PITG_10258"	0.774544605285157	0.556721700456074	0.291910152008904	3.34335006892299	10.984238782227	5.87648012964603
"PITG_10271"	6.04144792122423	4.67646228383102	7.10314703221666	11.4163173085175	11.6083432584899	10.8714882398452
"PITG_10284"	90.9315366604775	7.5714151262026	57.8955134817659	11.6609526794143	6.11622386737637	15.9644376855384
"PITG_10291"	6.27381130280977	6.12393870501681	8.17348425624931	3.5879854398198	3.49498506707221	1.56706136790561
"PITG_10344"	18.8988883689578	9.68695758793568	15.5685414404749	7.25751600327186	2.62123880030416	5.28883211668143
"PITG_10390"	9.21708080289337	6.45797172529045	22.7689918566945	20.2231906608025	56.1694028636606	49.8521397664972
"PITG_10392"	13.1672582898477	17.9264387546856	21.212137712647	28.8669737658229	43.9369551289078	43.5838942948747
"PITG_10429"	0.929453526342189	0.556721700456074	0.48651692001484	5.70815865425877	2.62123880030416	2.15470938087021
"PITG_10451"	16.7301634741594	16.1449293132261	12.4548331523799	7.58369649780093	8.23817908667022	7.93324817502215
"PITG_10485"	6.8934469870379	11.1344340091215	6.90854026421072	15.3304832428664	14.3544029540466	15.572672343562
"PITG_10502"	1.85890705268438	2.78360850228037	2.33528121607123	4.32189155251021	5.86658207687122	6.46412814261064
"PITG_10514"	37.0232321326305	18.9285378155065	26.3692170648043	11.253227061253	14.6040447445518	13.2220802917036
"PITG_10557"	3.71781410536876	2.33823114191551	4.28134889613059	6.84979038511052	9.98567162020632	5.87648012964603
"PITG_10651"	1.78145259215586	3.22898586264523	3.21101167209794	6.93133550874279	7.7388955056599	7.54148283304574
"PITG_10676"	2.71090611849805	2.89495284237158	3.21101167209794	0.815451236322681	1.24820895252579	0.195882670988201
"PITG_10687"	25.4050630533532	30.7310378651753	31.5262964169616	62.055839084156	51.0517461583048	43.9756596368511
"PITG_10724"	11.1534423161063	4.34242926355738	5.54629288816917	3.18025982165845	1.87231342878869	2.84029872932892
"PITG_10727"	0.929453526342189	1.55882076127701	1.65415752805045	4.0772561816134	2.62123880030416	3.62382941328172
"PITG_10795"	27.3414245665661	21.3781132975132	27.9260712088518	13.1287649047952	11.7331641537424	16.8459097049853
"PITG_10808"	0.309817842114063	0.890754720729718	0.778427072023743	1.95708296717443	2.74605969555674	1.86088537438791
"PITG_10834"	11.0759878555778	5.23318398428709	4.96247258415136	2.12017321443897	2.62123880030416	2.93824006482302
"PITG_10835"	4.64726763171094	3.56301888291887	3.98943874412168	9.54077946497537	8.3629999819228	6.36618680711654
"PITG_10849"	2.32363381585547	1.67016510136822	1.26494399203858	4.48498179977474	5.11765670535574	4.40736009723453
"PITG_10887"	1448.16604850166	1860.67526726429	2153.51849475369	3852.35473063561	3031.27544120888	2800.63248845381
"PITG_10923"	5.65417561858165	5.78990568474317	3.60022520810981	11.9055880503111	9.11192535343827	9.59825087842185
"PITG_10924"	2.16872489479844	0.890754720729718	0.48651692001484	2.69098907986485	4.86801491485058	6.75795214909294
"PITG_10942"	85.1224521208388	87.627995651786	103.141587043146	48.4378034375672	50.8021043677997	58.3730359544839
"PITG_11008"	1.70399813162735	1.00209906082093	2.4325846000742	5.05579766520062	12.6069104205105	4.01559475525812
"PITG_11011"	122.300593174526	97.983019280269	76.5777632103358	196.279112582869	153.90416384643	164.933208972065
"PITG_11022"	8.67489957919376	9.24158022757082	9.63303501629382	21.3648223916542	20.3458059261704	18.9026777503614
"PITG_11061"	1.4716347500418	3.34033020273644	1.07033722403265	4.15880130524567	7.11479102939701	4.30941876174042
"PITG_11099"	2297.91893496001	3446.44135884337	3486.18564205833	6796.78605474954	5757.1141517347	4715.18971469248
"PITG_11108"	13.3221672109047	11.3571226893039	17.1253955845224	35.879854398198	22.4677611454642	22.2326831571608
"PITG_11123"	3.02072396061211	4.00839624328373	3.98943874412168	8.48069285775588	6.49068655313411	6.66001081359884
"PITG_11129"	1.78145259215586	3.7857075631013	3.50292182410685	6.19742939605237	8.73746266768053	6.56206947810474
"PITG_11135"	31.5239654351059	23.82768877952	25.5907899927806	39.2232044671209	55.5452983873977	49.8521397664972
"PITG_11161"	121.06132180607	130.829599607177	128.051253347906	60.4249366115106	63.5338356835627	58.470977289978
"PITG_11222"	1.23927136845625	1.67016510136822	1.84876429605639	3.01716957439392	4.24391043858769	4.50530143272863
"PITG_11224"	5.03453993435352	1.11344340091215	5.54629288816917	0.652360989058145	0.499283581010316	0.979413354941006
"PITG_11298"	2.24617935532696	0.668066040547288	1.65415752805045	4.15880130524567	4.61837312434542	5.19089078118733
"PITG_11334"	4.25999532906837	4.11974058337495	2.7244947520831	0.489270741793608	1.37302984777837	1.27323736142331
"PITG_11443"	11.5407146187488	10.4663679685742	9.04921471227602	62.055839084156	71.0230893987175	76.6880656918807
"PITG_11446"	9.52689864500744	10.5777123086654	7.39505718422556	58.5493987679685	59.7892088259854	72.9662949431049
"PITG_11473"	0.774544605285157	0.222688680182429	0.681123688020775	3.66953056345206	2.371597009799	1.66500270339971
"PITG_11526"	3.87272302642579	1.89285378155065	2.14067444806529	0.733906112690413	1.12338805727321	0.881472019446905
"PITG_11598"	18.4341616057867	10.911745328939	17.3200023525283	3.34335006892299	1.49785074303095	2.54647472284661
"PITG_11610"	0.154908921057031	0	0.194606768005936	1.30472197811629	1.24820895252579	1.86088537438791
"PITG_11636"	2.55599719744102	1.89285378155065	2.91910152008904	5.78970377789103	4.61837312434542	5.87648012964603
"PITG_11676"	42.3675899090981	12.9159434505809	14.7901143684511	9.4592343413431	8.61264177242795	7.24765882656344
"PITG_11718"	0.387272302642579	0.334033020273644	0.291910152008904	1.95708296717443	1.24820895252579	1.46912003241151
"PITG_11766"	3158.28308251076	5125.4026630788	5196.09800914249	9282.8522389265	8629.3677723918	7474.00125289031
"PITG_11773"	1.0069079868707	1.00209906082093	0.389213536011872	4.48498179977474	2.87088059080932	4.11353609075222
"PITG_11861"	7.04835590809493	6.12393870501681	6.81123688020775	3.18025982165845	4.24391043858769	2.25265071636431
"PITG_11889"	3.09817842114063	5.56721700456074	12.6494399203858	1.54935734901309	1.87231342878869	2.54647472284661
"PITG_11906"	187.827066781651	170.245495999467	177.578675805416	72.2489795381895	80.5094774379135	103.034284939794
"PITG_11922"	34.9319616983606	24.6070991601585	38.6294434491783	15.1673929956019	18.972776078392	18.2170884019027
"PITG_11926"	25.0177907507106	5.90125002483438	12.162923000371	37.5107568708433	52.4247760060832	38.7847688556638
"PITG_11927"	0.697090144756642	0.111344340091215	1.16764060803562	2.20171833807124	2.87088059080932	2.93824006482302
"PITG_11942"	19.518524053186	16.8129953537734	38.3375332971694	7.6652416214332	7.86371640091248	8.12913084601035
"PITG_11943"	21.7647034085129	12.6932547703985	22.5743850886886	5.54506840699423	2.62123880030416	4.60324276822273
"PITG_11963"	11.1534423161063	10.6890566487566	13.7197771444185	42.5665545360439	37.1966267852686	27.3256326028541
"PITG_11969"	51.507216251463	64.3570285727221	41.0620280492525	98.3434191005153	147.663119083801	126.246381451896
"PITG_11996"	3.56290518431172	5.12183964419588	3.30831505610091	7.82833186869774	9.48638803919601	13.5159042981859
"PITG_11997"	25.0952452112391	36.8549765701921	30.7478693449379	100.789772809483	102.477955002367	168.165273043371
"PITG_12051"	13.0123493687906	8.01679248656746	13.1359568404007	3.5879854398198	5.3672984958609	4.70118410371683
"PITG_12109"	5.8865390001672	1.44747642118579	2.14067444806529	0.570815865425877	0.374462685757737	0.587648012964603
"PITG_12176"	13.2447127503762	6.23528304510803	7.00584364821369	3.75107568708433	3.74462685757737	2.54647472284661
"PITG_12196"	10.6112610924067	7.90544814647625	9.14651809627899	4.15880130524567	5.74176118161864	4.89706677470503
"PITG_12238"	23.1588836980262	12.2478774100336	21.9905647846708	11.4978624321498	4.24391043858769	5.77853879415193
"PITG_12296"	5.11199439488204	8.01679248656746	6.22741657618995	1.30472197811629	2.49641790505158	1.07735469043511
"PITG_12446"	25.4050630533532	23.6050000993375	37.5591062251456	42.1588289178826	55.5452983873977	72.6724709366226
"PITG_12458"	0.309817842114063	0.445377360364859	0.875730456026711	3.8326208107166	2.49641790505158	1.27323736142331
"PITG_12462"	72.2650116731052	101.546038163188	70.3503466341458	48.2747131903027	42.3142834906243	39.1765341976402
"PITG_12468"	12.7025315266766	13.3613208109458	12.4548331523799	22.8326346170351	21.8436566692013	24.0935685315487
"PITG_12515"	1.78145259215586	1.33613208109458	2.14067444806529	4.72961717067155	3.99426864808253	3.72177074877582
"PITG_12545"	70.1737412388353	72.7078540795632	75.4101226023001	8.39914773412361	10.2353134107115	11.3611949173157
"PITG_12555"	17.8919803820871	15.1428302524052	19.5579801845966	8.96996359954949	9.61120893444859	9.99001622039826
"PITG_12561"	304.705847719181	391.041322400346	362.649712179061	119.218970750376	166.386253371688	138.684931059646
"PITG_12562"	860.441602011281	927.832385980092	825.911123417192	410.335062117573	546.341058520539	546.708534728069
"PITG_12572"	5.34435777646759	2.78360850228037	4.28134889613059	0.40772561816134	0.748925371515474	0.391765341976402
"PITG_12666"	7.66799159232306	29.8402831444456	11.3844959283472	51.1287925174321	114.835223632373	72.3786469301403
"PITG_12748"	0.232363381585547	0.445377360364859	0.48651692001484	2.0386280908067	1.24820895252579	1.86088537438791
"PITG_12987"	4.25999532906837	7.12603776583774	7.39505718422556	10.356230701298	14.229582058794	11.9488429302803
"PITG_13012"	2.24617935532696	3.7857075631013	2.23797783206826	0.40772561816134	0.249641790505158	0.489706677470503
"PITG_13013"	31.0592386719348	34.739434108459	21.6986546326618	1.06008660721948	0.624104476262895	1.66500270339971
"PITG_13083"	1.0069079868707	2.33823114191551	2.82179813608607	0.244635370896804	0	0.0979413354941006
"PITG_13122"	26.3345165796954	32.7352359868171	21.30944109665	58.1416731498071	104.599910221661	50.63567045045
"PITG_13171"	14.4065296583039	11.4684670293951	10.9952823923354	30.7425116093651	31.5796864989025	15.6706136790561
"PITG_13273"	19.8283418953	29.9516274845368	22.0878681686737	9.4592343413431	15.1033283255621	12.3406082722567
"PITG_13281"	9.60435310553595	7.90544814647625	7.20045041621963	1.71244759627763	2.49641790505158	1.95882670988201
"PITG_13282"	15.9556188688742	7.23738210592896	13.2332602244036	2.12017321443897	5.11765670535574	2.54647472284661
"PITG_13322"	1.85890705268438	3.11764152255401	1.45955076004452	3.66953056345206	11.1090596774795	5.38677345217553
"PITG_13337"	4.80217655276798	5.12183964419588	6.03280980818401	1.38626710174856	1.24820895252579	2.64441605834072
"PITG_13354"	0.929453526342189	1.22478774100336	0.875730456026711	2.60944395623258	2.9957014860619	4.11353609075222
"PITG_13366"	150.339107885849	59.7919106289823	81.832145946496	34.6566775437139	42.0646417001191	50.1459637729795
"PITG_13390"	14.871256421475	4.45377360364859	8.95191132827305	2.20171833807124	1.74749253353611	3.33000540679942
"PITG_13418"	4.72472209223946	5.23318398428709	6.61663011220182	2.77253420349711	2.87088059080932	1.27323736142331
"PITG_13435"	29.5101494613645	15.031485912314	15.9577549764867	9.7038697122399	6.86514923889185	7.63942416853984
"PITG_13448"	140.579845859256	89.0754720729718	135.543613916134	64.5021927931241	66.6543580648772	72.084822923658
"PITG_13473"	11.6956235398059	17.9264387546856	8.75730456026711	0.40772561816134	1.62267163828353	3.33000540679942
"PITG_13560"	1.39418028951328	0.111344340091215	0.194606768005936	4.15880130524567	3.49498506707221	2.84029872932892
"PITG_13578"	1.0069079868707	0.222688680182429	0.389213536011872	6.84979038511052	11.857985048995	9.89207488490416
"PITG_13624"	2.78836057902657	3.11764152255401	3.69752859211278	12.5579490393693	8.23817908667022	7.44354149755164
"PITG_13636"	1.78145259215586	3.11764152255401	3.01640490409201	0.652360989058145	0.748925371515474	0.489706677470503
"PITG_13638"	15.9556188688742	25.943231241253	21.212137712647	2.93562445076165	4.24391043858769	2.54647472284661
"PITG_13661"	9.99162540817853	7.34872644602017	3.98943874412168	105.600935103787	76.7648505803361	124.973144090472
"PITG_13672"	26.876697803395	15.5882076127701	24.5204527687479	64.9099184112854	38.6944775282995	38.6868275201697
"PITG_13676"	382.315217168754	429.90049709218	617.098061346823	1315.48593443575	931.039057688987	1067.07085020823
"PITG_13737"	234.222288638232	198.304269702453	268.654643232194	114.978624321498	108.594178869744	104.797228978688
"PITG_13752"	41.5155908432844	11.1344340091215	22.9635986247004	7.58369649780093	4.743194019598	6.17030413612834
"PITG_13819"	34.4672349351895	24.0503774597024	21.6013512486589	10.4377758249303	17.1004626496033	13.7117869691741
"PITG_13887"	10.4563521713496	3.34033020273644	6.61663011220182	3.18025982165845	2.62123880030416	2.35059205185841
"PITG_13889"	3.71781410536876	13.6953538312194	10.3141587043146	1.63090247264536	0.998567162020632	1.76294403889381
"PITG_13938"	0.232363381585547	0.445377360364859	0.194606768005936	9.21459897044629	5.11765670535574	6.26824547162244
"PITG_13967"	1.62654367109883	3.11764152255401	3.11370828809497	0.652360989058145	0.499283581010316	0.293824006482302
"PITG_13968"	59.7173890674856	36.298254869736	27.8287678248488	12.2317685448402	15.8522536970775	13.1241389562095
"PITG_13995"	5.11199439488204	3.67436322301009	5.1570793521573	1.87553784354217	0.624104476262895	1.86088537438791
"PITG_14001"	23.1588836980262	10.911745328939	15.9577549764867	8.64378310502042	5.74176118161864	6.26824547162244
"PITG_14003"	35.0868706194176	17.1470283740471	27.0503407528251	10.356230701298	7.36443281990216	9.59825087842185
"PITG_14047"	35.8614152247028	37.4116982706482	36.488769001113	14.9227576247051	19.0975969736446	16.7479683694912
"PITG_14101"	5.18944885541055	2.44957548200672	3.79483197611575	7.82833186869774	7.36443281990216	8.52089618798675
"PITG_14103"	0	0.111344340091215	0	5.70815865425877	4.61837312434542	4.30941876174042
"PITG_14188"	7.82290051338009	11.8025000496688	8.95191132827305	2.52789883260031	1.49785074303095	1.86088537438791
"PITG_14206"	4.49235871065391	6.34662738519924	18.8768564965758	3.26180494529072	2.9957014860619	1.86088537438791
"PITG_14210"	17.0399813162735	7.79410380638503	14.4009008324393	4.89270741793608	4.24391043858769	4.21147742624632
"PITG_14221"	27.4188790270946	30.2856605048104	43.1053991133148	91.1674482208757	77.388955056599	54.553323870214
"PITG_14227"	8.21017281602267	5.01049530410466	5.83820304017808	2.44635370896804	3.24534327656706	1.66500270339971
"PITG_14270"	22.5392480137981	17.9264387546856	13.1359568404007	5.05579766520062	5.49211939111348	5.09294944569323
"PITG_14384"	3.87272302642579	2.22688680182429	1.16764060803562	0.489270741793608	0.499283581010316	0.293824006482302
"PITG_14390"	5.96399346069571	8.23948116674989	7.39505718422556	18.8369235590539	14.1047611635414	15.4747310080679
"PITG_14400"	103.479159266097	49.3255426604081	42.9107923453089	13.1287649047952	11.3587014679847	15.8664963500443
"PITG_14418"	3.40799626325469	3.0062971824628	2.7244947520831	1.38626710174856	0.998567162020632	1.37117869691741
"PITG_14431"	6.73853806598087	2.67226416218915	5.64359627217214	1.71244759627763	1.37302984777837	0.685589348458704
"PITG_14436"	38.5723213432008	20.0419812164187	29.9694422729141	15.81975398466	6.98997013414443	7.34560016205754
"PITG_14466"	34.7770527773036	19.2625708357801	30.358655808926	9.13305384681403	4.49355222909285	5.19089078118733
"PITG_14469"	22.5392480137981	13.9180425114018	67.0420315780449	8.15451236322681	10.2353134107115	15.572672343562
"PITG_14479"	3.40799626325469	5.90125002483438	6.51932672819885	15.1673929956019	9.11192535343827	16.8459097049853
"PITG_14489"	2.9432695000836	3.0062971824628	4.8651692001484	0.244635370896804	0.499283581010316	0.293824006482302
"PITG_14531"	9.68180756606447	0.890754720729718	4.37865228013356	1.7939927199099	0.624104476262895	0.587648012964603
"PITG_14532"	22.229430171684	1.89285378155065	8.17348425624931	3.75107568708433	1.87231342878869	1.27323736142331
"PITG_14533"	17.117435776802	3.56301888291887	10.8006756243294	3.66953056345206	0.624104476262895	1.27323736142331
"PITG_14580"	11.3083512371633	6.45797172529045	11.5791026963532	3.26180494529072	2.9957014860619	3.03618140031712
"PITG_14632"	193.791060242346	136.174127931556	188.087441277737	537.87163547844	329.402342571556	336.036722080259
"PITG_14685"	0.774544605285157	1.55882076127701	0.778427072023743	6.19742939605237	9.98567162020632	6.95383482008114
"PITG_14695"	22.9265203164407	7.12603776583774	15.179327904463	6.52360989058145	4.11908954333511	5.38677345217553
"PITG_14722"	15.5683465662317	26.6112972818003	21.9905647846708	52.1888791246516	64.5324028455834	59.7442146514013
"PITG_14723"	40.0439560932426	24.8297878403409	27.9260712088518	130.798378306158	86.3760595147847	109.694295753393
"PITG_14855"	16.7301634741594	18.7058491353241	24.228542616739	42.892735030573	31.9541491846602	35.3568221133703
"PITG_14861"	1.54908921057031	4.5651179437398	6.71393349620479	0.163090247264536	0.249641790505158	0.391765341976402
"PITG_14863"	9.8367164871215	10.911745328939	6.90854026421072	23.1588151115641	14.7288656398043	15.4747310080679
"PITG_14893"	22.9265203164407	31.9558256061786	18.3903395765609	8.64378310502042	10.7345969917218	10.2838402268806
"PITG_14913"	1035.4112283452	1478.98686943161	1737.449224757	3037.39276505472	2312.55672634453	2296.43049333018
"PITG_15129"	2.24617935532696	1.22478774100336	1.84876429605639	4.24034642887794	4.11908954333511	4.30941876174042
"PITG_15134"	0.309817842114063	0.779410380638503	0.583820304017808	4.32189155251021	3.99426864808253	5.28883211668143
"PITG_15137"	3.48545072378321	3.22898586264523	3.89213536011872	9.94850508313671	5.49211939111348	7.34560016205754
"PITG_15191"	0.387272302642579	0.556721700456074	0.0973033840029679	2.36480858533577	2.74605969555674	1.27323736142331
"PITG_15248"	68.0824708045653	45.5398350973068	52.3492205935967	30.9871469802619	25.4634626315261	30.0679899966889
"PITG_15300"	1.62654367109883	0.890754720729718	1.65415752805045	5.38197815972969	3.86944775282995	4.01559475525812
"PITG_15318"	1.16181690792774	1.00209906082093	1.45955076004452	2.85407932712938	3.24534327656706	2.74235739383482
"PITG_15377"	14.716347500418	5.23318398428709	7.68696733623447	2.44635370896804	1.74749253353611	3.91765341976402
"PITG_15398"	298.664399797957	84.6216984693232	158.604515924838	36.4506702636238	32.8278954514283	43.9756596368511
"PITG_15399"	71.180649225706	38.8591746918339	56.6305694897273	5.05579766520062	4.61837312434542	7.14971749106934
"PITG_15406"	60.8792059754134	80.7246465661307	101.682036283101	14.1888515120146	16.7259999638456	17.1397337114676
"PITG_15449"	416.472634261829	605.824554436299	551.807490680831	214.708310523762	242.526999475761	216.744175448445
"PITG_15477"	26.5668799612809	28.504151063351	22.6716884726915	12.1502234212079	11.7331641537424	17.3356163824558
"PITG_15485"	22.5392480137981	13.3613208109458	22.2824749366797	8.80687335228495	10.8594178869744	10.675605568857
"PITG_15531"	25.5599719744102	9.01889154738839	12.9413500723947	27.072981045913	38.8192984235521	39.0785928621461
"PITG_15534"	2.9432695000836	4.78780662392223	8.56269779226118	14.3519417592792	15.3529701160672	17.9232643954204
"PITG_15572"	6.8934469870379	3.89705190319252	4.18404551212762	2.52789883260031	1.12338805727321	1.56706136790561
"PITG_15596"	3.64035964484024	1.78150944145944	1.94606768005936	7.33906112690413	7.48925371515474	5.09294944569323
"PITG_15627"	4.4149042501254	2.33823114191551	3.89213536011872	13.373400275692	6.49068655313411	10.2838402268806
"PITG_15638"	516.311433883086	869.82198479257	1023.43699294322	2218.43508841585	1597.95710102352	1579.98962419083
"PITG_15648"	0	0	0	1.87553784354217	2.24677611454642	1.27323736142331
"PITG_15669"	2.9432695000836	3.0062971824628	7.8815741042404	10.5193209485626	9.73602982970117	11.0673709108334
"PITG_15671"	0.619635684228126	0.890754720729718	1.07033722403265	4.40343667614248	2.62123880030416	3.13412273581122
"PITG_15723"	325.541097601352	558.725898577716	493.42546027905	797.348218876317	1065.47116187601	883.332904821293
"PITG_15858"	1.0069079868707	1.22478774100336	0.973033840029679	9.13305384681403	9.73602982970117	9.40236820743365
"PITG_15897"	1.85890705268438	1.11344340091215	3.11370828809497	0.326180494529072	0.374462685757737	0.0979413354941006
"PITG_15903"	114.942419424317	194.29587345917	210.564522982423	68.8240843456343	44.0617760241604	43.0941876174042
"PITG_15920"	14.2516207372469	10.2436792883918	11.4817993123502	22.5879992461383	21.4691939834436	19.3923844278319
"PITG_15926"	15.5683465662317	17.5924057344119	16.0550583604897	9.62232458860763	8.86228356293311	8.42295485249265
"PITG_15958"	27.186515645509	34.4054010881854	36.1968588491041	12.7210392866338	12.9813731062682	12.3406082722567
"PITG_15959"	51.817034093577	46.9873115184926	41.9377585052792	21.3648223916542	25.5882835267787	27.22769126736
"PITG_16005"	749.294451152861	759.813776782449	882.444389522916	389.785690962241	401.049536446536	401.069768848342
"PITG_16118"	20.9127043426993	27.0566746421652	28.8018016648785	14.5150320065437	14.6040447445518	12.1447256012685
"PITG_16121"	27.6512424086801	41.8654718742967	40.2836009772287	15.7382088610277	17.8493880211188	19.3923844278319
"PITG_16199"	2.9432695000836	1.11344340091215	1.55685414404749	11.9055880503111	4.86801491485058	9.01060286545725
"PITG_16242"	0.0774544605285157	0.111344340091215	0.0973033840029679	2.20171833807124	3.61980596232479	0.979413354941006
"PITG_16256"	1.78145259215586	1.33613208109458	1.65415752805045	5.38197815972969	5.3672984958609	3.13412273581122
"PITG_16327"	10.5338066318781	11.1344340091215	12.7467433043888	24.7897175842095	21.344373088191	19.2944430923378
"PITG_16383"	6.27381130280977	7.68275946629382	10.1195519363087	1.54935734901309	2.74605969555674	2.54647472284661
"PITG_16386"	11.3083512371633	16.8129953537734	13.0386534563977	27.2360712931775	24.5897163647581	23.40797918309
"PITG_16427"	1.08436244739922	1.78150944145944	1.16764060803562	3.8326208107166	3.61980596232479	4.50530143272863
"PITG_16439"	34.0025081720184	33.4033020273644	36.39146561711	71.5150734254991	75.3918207325577	73.3580602850813
"PITG_16464"	14.4065296583039	15.4768632726788	15.9577549764867	38.0000276126369	29.0832685938509	21.9388591506785
"PITG_16476"	11.6956235398059	4.89915096401345	8.27078764025227	3.18025982165845	3.24534327656706	4.40736009723453
"PITG_16516"	10.9210789345207	6.23528304510803	10.0222485523057	31.8025982165846	47.8064028817378	33.0062300615119
"PITG_16519"	0.851999065813673	0.779410380638503	0.48651692001484	1.87553784354217	2.87088059080932	2.74235739383482
"PITG_16521"	6.58362914492384	5.01049530410466	4.76786581614543	19.7339199190089	24.9641790505158	22.6244484991372
"PITG_16524"	0.54218122369961	0.668066040547288	1.16764060803562	2.36480858533577	3.12052238131448	2.54647472284661
"PITG_16687"	11.3858056976918	12.6932547703985	14.4982042164422	29.2746993839842	21.8436566692013	19.2944430923378
"PITG_16760"	527.232512817607	752.131017316156	703.503466341458	326.83285551813	367.098252937835	379.032968362169
"PITG_16765"	5.49926669752462	3.7857075631013	4.8651692001484	1.87553784354217	1.49785074303095	2.15470938087021
"PITG_16794"	13.8643484346043	16.2562736533174	17.1253955845224	7.50215137416866	6.24104476262895	6.75795214909294
"PITG_16795"	34.0025081720184	27.9474293628949	36.294162233107	9.21459897044629	5.99140297212379	6.66001081359884
"PITG_16829"	0.232363381585547	0.668066040547288	0.389213536011872	1.63090247264536	2.49641790505158	1.56706136790561
"PITG_16866"	12.3927136845625	11.5798113694863	33.0831505610091	3.50644031618753	2.74605969555674	3.23206407130532
"PITG_16867"	0.387272302642579	0	0.0973033840029679	2.60944395623258	1.62267163828353	1.66500270339971
"PITG_16871"	247.544455849136	225.026911324345	187.600924357722	85.2146541957201	139.424939997131	125.169026761461
"PITG_16892"	4.64726763171094	3.22898586264523	3.50292182410685	1.63090247264536	1.74749253353611	1.46912003241151
"PITG_16908"	19.9832508163571	3.7857075631013	16.5415752805045	0.40772561816134	0.124820895252579	0
"PITG_16909"	82.2566370812837	18.149127434868	85.1404610025969	8.23605748685908	6.49068655313411	8.12913084601035
"PITG_16910"	52.8239420804477	28.2814623831685	53.4195578176294	2.93562445076165	2.24677611454642	2.35059205185841
"PITG_16912"	198.360873413529	38.0797643111954	193.536430781903	2.20171833807124	2.12195521929384	2.74235739383482
"PITG_16913"	85.6646333445384	16.7016510136822	80.7618087224634	1.71244759627763	1.62267163828353	1.27323736142331
"PITG_16981"	37.7977767379157	5.78990568474317	11.1898891603413	2.77253420349711	2.74605969555674	3.62382941328172
"PITG_17001"	19.518524053186	24.7184435002497	25.6880933767835	84.1545675885007	61.1622386737637	57.491563935037
"PITG_17003"	35.3192340010032	37.5230426107394	30.358655808926	74.7768783707898	51.1765670535574	61.7030413612834
"PITG_17073"	7.28071928968048	4.23108492346616	7.20045041621963	2.60944395623258	2.62123880030416	2.15470938087021
"PITG_17079"	21.1450677242848	17.0356840339559	19.0714632645817	6.93133550874279	8.86228356293311	8.71677885897495
"PITG_17097"	12.5476226056195	10.4663679685742	11.6764060803562	5.38197815972969	6.36586565788153	6.66001081359884
"PITG_17145"	49.6483091987786	42.1995048945704	45.0514667933742	19.4077394244798	27.4605969555674	23.2120965121018
"PITG_17224"	3.56290518431172	2.00419812164187	2.33528121607123	10.4377758249303	11.4835223632373	8.52089618798675
"PITG_17225"	0.309817842114063	0.556721700456074	0.681123688020775	1.7939927199099	1.49785074303095	1.76294403889381
"PITG_17227"	1.0069079868707	0.445377360364859	0.48651692001484	3.26180494529072	3.61980596232479	3.91765341976402
"PITG_17261"	1908.71027080421	3667.7939069447	3787.24231216352	8171.39220381869	9731.03699389106	8224.42776544611
"PITG_17317"	1.93636151321289	1.11344340091215	0.875730456026711	0.0815451236322681	0.124820895252579	0.195882670988201
"PITG_17425"	54.8377580541891	51.7751181424149	58.8685473217956	102.0944947876	88.373193838826	85.2089618798675
"PITG_17567"	19.1312517505434	7.12603776583774	14.6928109844482	4.15880130524567	6.61550744838669	5.19089078118733
"PITG_17571"	18.8214339084293	16.3676179934086	14.7901143684511	7.17597087963959	6.36586565788153	7.63942416853984
"PITG_17583"	5.65417561858165	2.78360850228037	4.28134889613059	1.06008660721948	1.37302984777837	0.783530683952804
"PITG_17584"	2.24617935532696	1.33613208109458	0.875730456026711	0.326180494529072	0.249641790505158	0.489706677470503
"PITG_17647"	2.4785427369125	3.56301888291887	2.7244947520831	13.2918551520597	10.3601343059641	8.32501351699855
"PITG_17726"	15.6458010267602	14.1407311915843	20.4337106406233	41.0987423106631	27.58541785082	26.4441605834072
"PITG_17766"	23.7785193822543	3.45167454282766	9.92494516830273	2.60944395623258	0.249641790505158	1.66500270339971
"PITG_17792"	2.01381597374141	2.78360850228037	3.30831505610091	8.15451236322681	6.36586565788153	7.54148283304574
"PITG_17831"	5.4218122369961	13.472665151037	8.46539440825821	2.52789883260031	4.86801491485058	3.91765341976402
"PITG_17861"	0.154908921057031	0.445377360364859	0.583820304017808	3.50644031618753	4.99283581010316	2.64441605834072
"PITG_17872"	15.2585287241176	10.1323349483005	6.42202334419588	2.93562445076165	3.24534327656706	3.91765341976402
"PITG_17945"	19.4410695926574	17.0356840339559	18.7795531125728	7.90987699233	11.2338805727321	12.1447256012685
"PITG_17947"	16.4978000925739	15.8108962929525	9.82764178429976	8.31760261049134	6.61550744838669	5.28883211668143
"PITG_17948"	8.98471742130783	9.01889154738839	16.6388786645075	29.0300640130874	37.071805890016	42.0168329269691
"PITG_17956"	58.9428444622005	46.9873115184926	43.1053991133148	21.3648223916542	23.9656118884952	26.9338672608777
"PITG_18078"	19.2087062110719	25.7205425610706	16.5415752805045	6.03433914878784	4.743194019598	5.58265612316373
"PITG_18083"	101.000616529185	25.943231241253	78.815741042404	26.8283456750162	7.23961192464959	16.4541443630089
"PITG_18092"	8.75235403972228	7.23738210592896	4.8651692001484	2.52789883260031	3.74462685757737	3.13412273581122
"PITG_18127"	38.8821391853149	41.976816214388	40.3809043612317	5.78970377789103	6.74032834363927	7.05177615557524
"PITG_18306"	1108.06351232095	952.439485140251	1168.61364187564	2406.72277888276	2639.33783011578	2246.1865882217
"PITG_18334"	4.72472209223946	8.68485852711475	5.83820304017808	14.1073063883824	12.2324477347527	11.0673709108334
"PITG_18344"	0.851999065813673	0.222688680182429	0.48651692001484	2.60944395623258	2.24677611454642	1.56706136790561
"PITG_18366"	1.93636151321289	0.556721700456074	0.778427072023743	4.89270741793608	3.12052238131448	4.40736009723453
"PITG_18373"	5.34435777646759	3.7857075631013	2.7244947520831	1.63090247264536	1.62267163828353	1.27323736142331
"PITG_18457"	13.4770761319617	16.590306673591	11.4817993123502	6.27897451968464	6.36586565788153	8.12913084601035
"PITG_18521"	7.04835590809493	3.89705190319252	7.49236056822853	14.5150320065437	14.229582058794	9.89207488490416
"PITG_18633"	17.1948902373305	22.7142453786078	24.325846000742	46.3991753467605	34.2009252992067	34.9650567713939
"PITG_18720"	806.378388562377	438.696699959386	561.051312161113	260.373579757832	233.415074122323	297.937542573054
"PITG_18721"	6.81599252650939	2.33823114191551	5.54629288816917	2.44635370896804	0.998567162020632	0.979413354941006
"PITG_18795"	5.26690331593907	1.67016510136822	3.21101167209794	8.80687335228495	7.7388955056599	7.14971749106934
"PITG_18851"	19.0537972900149	5.12183964419588	10.5087654723205	4.64807204703928	1.49785074303095	2.64441605834072
"PITG_18891"	5.8865390001672	6.12393870501681	5.54629288816917	11.4978624321498	11.4835223632373	10.8714882398452
"PITG_18984"	2.40108827638399	6.7920047455641	3.21101167209794	1.46781222538083	1.24820895252579	1.37117869691741
"PITG_19024"	29.9748762245356	32.9579246669996	37.6564096091486	8.31760261049134	7.7388955056599	8.03118951051625
"PITG_19078"	12.470168145091	5.45587266446952	11.4817993123502	1.22317685448402	0.748925371515474	0.881472019446905
"PITG_19084"	30.1297851455926	7.68275946629382	23.4501155447153	5.95279402515557	4.24391043858769	5.09294944569323
"PITG_19085"	44.458860343368	8.23948116674989	26.1746102967984	13.2918551520597	4.24391043858769	6.75795214909294
"PITG_19201"	1.70399813162735	3.45167454282766	3.11370828809497	6.68670013784598	7.36443281990216	8.22707218150445
"PITG_19279"	5.80908453963868	8.57351418702354	6.32471996019292	2.77253420349711	2.74605969555674	3.42794674229352
"PITG_19382"	2.01381597374141	2.00419812164187	3.79483197611575	6.84979038511052	7.36443281990216	7.63942416853984
"PITG_19462"	3.87272302642579	3.67436322301009	3.11370828809497	1.06008660721948	1.24820895252579	1.56706136790561
"PITG_19563"	11.0759878555778	9.01889154738839	10.8006756243294	2.60944395623258	2.49641790505158	2.64441605834072
"PITG_19609"	10.5338066318781	4.34242926355738	6.81123688020775	2.52789883260031	1.74749253353611	1.86088537438791
"PITG_19649"	13.0898038293192	21.4894576376044	17.5146091205342	7.17597087963959	10.4849552012166	9.79413354941006
"PITG_19714"	0.697090144756642	1.33613208109458	1.55685414404749	4.24034642887794	4.11908954333511	3.23206407130532
"PITG_19736"	15.1810742635891	16.4789623334998	18.4876429605639	32.3734140820104	42.3142834906243	42.9962462819101
"PITG_19775"	18.6665249873723	24.384410479976	23.0609020087034	53.9013267209292	42.3142834906243	35.062998106888
"PITG_19863"	9.99162540817853	10.4663679685742	10.0222485523057	22.7510894934028	26.087567107789	25.5626885639602
"PITG_19864"	129.658766924735	85.9578305504178	124.159117987787	280.678315542267	292.205715786288	264.735429840554
"PITG_19865"	0.232363381585547	0	0.681123688020775	4.40343667614248	3.99426864808253	4.40736009723453
"PITG_19964"	8.13271835549415	6.12393870501681	7.97887748824337	20.1416455371702	14.1047611635414	13.3200216271977
"PITG_19996"	0.154908921057031	0.556721700456074	0.194606768005936	3.50644031618753	2.74605969555674	2.15470938087021
"PITG_19999"	2612.92622592948	2619.04156762555	3056.20198814922	10404.6685047356	6143.31000164618	4549.96268171394
"PITG_20096"	10.7661700134637	7.12603776583774	9.24382148028195	3.50644031618753	2.62123880030416	1.56706136790561
"PITG_20097"	10.2239887897641	4.78780662392223	6.90854026421072	2.77253420349711	2.87088059080932	2.84029872932892
"PITG_20098"	22.9265203164407	26.0545755813442	31.9155099529735	5.46352328336196	5.3672984958609	4.70118410371683
"PITG_20102"	105.028248476667	134.615307170279	116.180240499544	61.3219329714656	69.8997013414443	77.1777723693512
"PITG_20189"	348.777435759906	504.055827592929	472.018715798397	888.841847591722	974.476729236885	834.558119745231
"PITG_20209"	86.5166324103521	53.2225945636006	75.896639522315	23.72963097699	37.5710894710263	31.2432860226181
"PITG_20211"	18.3567071452582	13.1386321307633	18.098429424552	9.4592343413431	8.11335819141764	7.14971749106934
"PITG_20212"	11.7730780003344	2.11554246173308	4.37865228013356	1.46781222538083	0.998567162020632	0.685589348458704
"PITG_20239"	59.020298922729	36.8549765701921	31.2343862649527	76.0816003489061	101.604208735599	99.7042795329944
"PITG_20294"	1.85890705268438	1.89285378155065	1.75146091205342	0.489270741793608	0.624104476262895	0.783530683952804
"PITG_20358"	1.08436244739922	0	0.583820304017808	1.7939927199099	3.12052238131448	1.76294403889381
"PITG_20412"	33.2279635667333	23.9390331196112	30.5532625769319	10.6824111958271	8.86228356293311	12.8303149497272
"PITG_20558"	16.5752545531024	9.57561324784447	8.66000117626415	4.81116229430382	4.11908954333511	4.70118410371683
"PITG_20559"	11.0759878555778	14.2520755316755	13.4278669924096	7.90987699233	6.49068655313411	5.77853879415193
"PITG_20608"	31.3690565140489	33.9600237278205	36.39146561711	8.80687335228495	9.11192535343827	11.4591362528098
"PITG_20609"	23.6236104611973	17.2583727141383	26.8557339848191	7.4206062505364	6.86514923889185	8.81472019446905
"PITG_20631"	61.9635684228126	18.0377830947768	77.1615835143536	21.9356382570801	9.61120893444859	21.7429764796903
"PITG_20670"	52.0493974751626	18.5945047952329	32.9858471770061	9.86695995950444	7.98853729616506	9.69619221391596
"PITG_20759"	13.2447127503762	34.9621227886414	20.3364072566203	12.3948587921047	8.73746266768053	9.30442687193955
"PITG_20783"	0.154908921057031	0.222688680182429	0.291910152008904	1.22317685448402	2.12195521929384	0.979413354941006
"PITG_20795"	369.845049023663	523.541087108892	574.479179153523	1162.01801175982	979.469565046988	899.101459835843
"PITG_20944"	2.32363381585547	1.67016510136822	1.84876429605639	0.40772561816134	0.374462685757737	0.881472019446905
"PITG_21224"	0.232363381585547	0.111344340091215	0.389213536011872	1.46781222538083	1.87231342878869	2.25265071636431
"PITG_21523"	24.7079729085965	9.01889154738839	26.9530373688221	3.09871469802619	1.24820895252579	1.95882670988201
"PITG_22087"	26.6443344218094	8.46216984693232	9.92494516830273	37.429211747211	61.6615222547741	34.3774087584293
"PITG_22127"	0.154908921057031	0.111344340091215	0	1.38626710174856	3.24534327656706	1.56706136790561
"PITG_22503"	0.697090144756642	0.222688680182429	0.0973033840029679	2.77253420349711	1.37302984777837	1.95882670988201
"PITG_22512"	0.232363381585547	0.668066040547288	0.681123688020775	2.12017321443897	3.12052238131448	2.05676804537611
"PITG_22547"	1.85890705268438	1.89285378155065	1.94606768005936	4.40343667614248	3.37016417181963	4.60324276822273
"PITG_22659"	0.309817842114063	0.668066040547288	0.48651692001484	1.87553784354217	1.74749253353611	1.07735469043511
"PITG_22661"	14.1741662767184	14.0293868514931	18.3903395765609	37.9184824890047	52.5495969013358	77.2757137048453
"PITG_22670"	3.02072396061211	4.23108492346616	4.8651692001484	1.7939927199099	1.87231342878869	0.881472019446905
"PITG_22685"	21.1450677242848	46.9873115184926	26.4665204488073	13.6180356465888	14.6040447445518	12.0467842657744
"PITG_22765"	35.2417795404747	32.5125473066347	28.6071948968726	19.3261943008475	19.7217014499075	18.3150297373968
"PITG_22799"	0	0.445377360364859	0.583820304017808	10.2746855776658	4.86801491485058	5.09294944569323
"PITG_22856"	0.309817842114063	1.22478774100336	0.875730456026711	3.91416593434887	2.74605969555674	2.93824006482302
"PITG_22899"	0.232363381585547	1.00209906082093	1.36224737604155	4.15880130524567	3.99426864808253	2.54647472284661
"PITG_22922"	21.4548855663989	20.3760142366923	15.7631482084808	7.99142211596227	11.4835223632373	6.95383482008114
"PITG_23076"	7.82290051338009	17.5924057344119	13.9143839124244	29.3562445076165	37.5710894710263	33.6918194099706
"PITG_23100"	0.54218122369961	0.445377360364859	0.973033840029679	3.09871469802619	3.49498506707221	3.52588807778762
"PITG_23106"	7.358173750209	5.45587266446952	5.25438273616027	20.4678260316993	29.8321939653664	25.8565125704425
"PITG_23123"	9.13962634236486	16.590306673591	14.3035974484363	23.2403602351964	35.1994924612273	34.3774087584293
"PITG_23131"	0.774544605285157	3.11764152255401	1.75146091205342	11.0901368139885	18.3486716021291	9.40236820743365
"PITG_23156"	0.387272302642579	0.222688680182429	0.778427072023743	13.8626710174856	4.11908954333511	4.79912543921093
"PITG_23187"	3.40799626325469	2.00419812164187	1.45955076004452	0.40772561816134	0.998567162020632	0.587648012964603
"PITG_23272"	0.0774544605285157	0.111344340091215	0	2.44635370896804	3.12052238131448	2.44853338735251
"PITG_23280"	0.387272302642579	0.668066040547288	0.389213536011872	3.26180494529072	4.49355222909285	2.74235739383482
"PITG_23337"	18.3567071452582	19.707948196145	19.4606768005936	64.5021927931241	46.8078357197171	42.5065396044396
"PITG_23339"	2.86581503955508	7.5714151262026	6.51932672819885	15.1673929956019	23.71597009799	11.2632535818216
"PITG_23349"	2.4785427369125	0.445377360364859	0.583820304017808	4.56652692340701	4.61837312434542	3.81971208426992
