"US24_1_C"	"US24_2_C"	"US23_2_C"	"US8_2_C"	"US24_1_M"	"US24_2_M"	"US23_2_M"	"US8_2_M"
"PITG_00084"	0.177389587331267	0.144695915102295	0.189795923691574	9.04818633637024	1.58908036029665	7.15177759951369	0.772598408215587	15.2988330672925
"PITG_00125"	12.9240985055638	13.2252066403498	10.5653064188309	25.6808818076391	18.6294314579458	28.4917591464497	18.3260342428737	48.5755575270255
"PITG_00582"	1.34309258979388	0.376209379265967	0.158163269742978	3.29327370331123	0.405722645182123	0.980485638643006	0.494462981257976	10.1522210216135
"PITG_00729"	23.4914496365836	17.971232655705	17.3979596717276	6.98573209793291	22.1118841624257	17.5622280568703	12.2688627224635	5.64012278978526
"PITG_00792"	23.5674737454398	25.726933705188	38.3387765856979	84.8600122944136	42.1275346580771	32.9616201461457	27.5972151414608	133.142148606368
"PITG_00840"	73.9967992867573	120.242305450007	72.6602061199242	7.58450913489859	54.0963526909497	24.0218981467536	51.1151106875432	7.6141657662101
"PITG_00874"	2.40743011378149	3.15437094923003	2.37244904614467	0	2.8738687367067	3.34518629654672	2.626834587933	0
"PITG_00948"	1.34309258979388	1.64953343216616	0.632653078971913	0.0665307818850753	1.38621903770559	6.11361633506815	2.22508341566089	0.0352507674361579
"PITG_01195"	64.6711752670564	59.7304737542274	42.5459195608611	10.0794134555889	51.425345276834	56.8970048541956	22.8689128831814	7.89617190569936
"PITG_01196"	1.64718902521891	2.02574281143213	3.57448989619131	0	2.46814609152458	3.66240223846064	2.34869916097538	0
"PITG_01343"	2.23004052645022	0.752418758531934	1.4234694276868	0.099796172827613	0.676204408636871	0.663269696729092	1.91604405237466	0.0705015348723157
"PITG_01398"	52.8620970247177	66.9652695093421	32.233674373619	16.5328992984412	60.8245865568866	28.4629213335484	37.7028023209206	7.79041960339089
"PITG_01461"	1.0136547847501	1.38908078498203	0.411224501331743	0	0.743824849500558	1.58607970956957	0.278135426957611	0
"PITG_01484"	2.93959887577529	3.93572889078242	14.4877555084568	0.465715473195527	2.67100741411564	2.82610566432396	20.7365412765064	0.282006139489263
"PITG_01496"	11.5810059157699	11.8361258553677	9.4265308766815	3.29327370331123	13.6593290544648	5.36383319963527	6.18078726572469	1.16327532539321
"PITG_01625"	12.2652228954762	7.49524840229888	0.759183694766295	68.6930322963403	6.86347474766424	6.86339947050104	3.49214480513445	25.5920571586506
"PITG_01658"	1.46979943788764	1.765290164248	3.92244908962586	0	2.60338697325195	0	4.29564714967866	0.0352507674361579
"PITG_01747"	5.80317364269432	6.13510680033731	18.0306127506995	0.498980864138065	0.338102204318436	5.4215088254378	9.30208483491566	0.176253837180789
"PITG_01784"	57.7276399915182	45.7239091723252	31.1265314854181	12.9735024675897	30.8349210338413	20.6767118502069	14.0612910295237	8.60118725442252
"PITG_01922"	1176.39706044173	1735.85901511619	1742.95923256762	3065.97128700087	2029.08656899666	2663.71993987693	2848.66304289985	5538.42432573194
"PITG_01956"	4.35871557442543	2.08362117747305	1.13877554214944	0.232857736597764	3.00910961843408	1.58607970956957	2.68864246059024	0.317256906925421
"PITG_01981"	16.9787176445642	22.7751370371012	18.9163270612602	38.2219341929758	20.7932855655838	24.4256275273713	22.7452971378669	48.4698052247171
"PITG_02104"	3.90257092128788	4.48557336817114	6.45306140551351	18.0963726727405	4.86867174218547	2.99913254173155	5.03734162156563	14.2060592767716
"PITG_02434"	6.66478020973191	6.51131617960327	4.3653062449062	0.0332653909425377	7.23538717241452	8.33412792846555	4.35745502233591	0
"PITG_02435"	3.44642626815034	2.98073585110728	4.01734705147165	0	4.09103667225307	4.61405006420238	3.52304874146308	0
"PITG_02484"	23.136670461921	14.7011049743932	28.4693885537361	5.18940098703587	10.9883216403492	4.64288787710364	10.9090895240041	2.11504604616947
"PITG_02559"	3.06630572386905	3.70421542661875	4.20714297516322	11.4100290932904	2.90767895713855	1.78794439987842	4.14112746803555	8.91844416134794
"PITG_02678"	24.9359077048525	13.8908078498203	20.7510209902787	2.5614351025754	15.0117378717385	7.87272292204531	9.36389270757291	2.71430909258416
"PITG_02860"	1.39377532903139	0.376209379265967	3.44795928039692	95.0059565318875	1.8595621237514	27.1940575658928	3.64666448677757	37.0485565754019
"PITG_02932"	3.64915722510036	3.00967503412774	1.39183677373821	0	3.17816072059329	2.30702503210119	1.0507338351732	0.0705015348723157
"PITG_02954"	1.79923724293143	1.64953343216616	0.980612272406465	9.61369798239338	2.50195631195642	1.41305283216198	1.51429288010255	8.00192420800783
"PITG_02964"	36.5929377294786	34.553384526428	23.4397965759094	80.4689806899986	30.3953881682274	26.5019500562624	21.6018514937078	54.9559464329701
"PITG_02971"	11.4036163284386	12.357031149736	14.8989800097885	0	13.9636210383514	16.1780130376096	19.5003838233614	0.0705015348723157
"PITG_03051"	4.99224981489424	2.02574281143213	2.97346947116799	0.498980864138065	4.26008777441229	1.87445783858222	4.17203140436417	0.246755372053105
"PITG_03053"	5.80317364269432	9.37629529862871	5.788775672593	19.2939267466718	10.2444967908486	10.1797479541465	8.65310217201457	22.8777480660665
"PITG_03106"	5.0682739237505	3.12543176620957	0.854081656612082	0.133061563770151	1.52145991943296	1.0669990773468	1.63790862541704	0.105752302308474
"PITG_03130"	17.8656655812205	19.1866783425643	34.6693887276608	8.88185938165755	23.126190775381	9.48764044451614	18.2024184975592	4.15959055746663
"PITG_03640"	3.19301257196281	3.87785052474151	4.17551032121462	22.1880157586726	2.26528476893352	1.03816126444554	4.32655108600729	7.1911565569762
"PITG_03663"	2.33140600492523	2.34407382465718	4.01734705147165	0	4.86867174218547	3.05680816753408	8.09683131809935	0
"PITG_03666"	5.19498077184426	5.70101905503042	4.3336735909576	0	6.96490540895977	8.16110105105796	5.006437685237	0
"PITG_03986"	8.08389690838205	2.80710075298452	2.56224496983625	0.532246255080603	0.879065731227932	1.78794439987842	3.30672118716271	0.176253837180789
"PITG_03995"	7.45036266791323	7.03222147397154	4.87142870808373	25.9802703261219	9.39924128005251	7.23829103821748	5.96445971142433	19.8109312991207
"PITG_04121"	66.6984848365566	65.3446752601964	13.5704085439475	5.35572794174856	12.7126428823732	262.972015846634	194.107624080084	12.3377686026553
"PITG_04150"	2.43277148340024	5.55632313992813	0.158163269742978	0.0332653909425377	0.642394188205027	5.56569788994412	1.29796532580219	0
"PITG_04207"	1.08967889360636	1.1286281377979	1.29693881189242	0.0665307818850753	1.65670080116033	1.44189064506324	4.23383927702142	0.141003069744631
"PITG_04248"	12.1385160473824	13.4567201045134	37.2000010435485	75.9448875218135	12.6112122210776	19.4943615212551	44.5016683132178	106.175311517707
"PITG_04324"	73.7940683298073	40.8910656079086	8.03469410294329	5.68838185117394	17.4460737428313	6.69037259309345	4.54287864030765	0.49351074410621
"PITG_04378"	13.6083154852701	22.1384750106511	44.4755114517255	4.45756238630005	12.0026282533045	14.5630955151388	36.8683960400478	3.48982597617963
"PITG_04394"	12.7720502878513	4.94860029649849	11.3877554214944	0.931430946391054	4.12484689268491	1.41305283216198	6.52073056533955	0.846018418467789
"PITG_04441"	103.139374348323	101.808045865975	63.3285732050885	21.4229117669943	79.8597406600145	59.6077592669145	52.3821720770168	22.3489865545241
"PITG_04464"	4.84020159718173	3.530580328496	6.01020425023317	0.665307818850753	7.16776673155083	4.03729380617708	7.01519354659753	1.93879220898868
"PITG_04478"	7.52638677676949	11.1126462798563	12.5265309636439	3.06041596671346	7.47205871543742	7.20945322531622	10.1982989884457	2.46755372053105
"PITG_04800"	6.94353527553818	0.028939183020459	11.3877554214944	0	4.49675931743519	0	13.4432123029512	0
"PITG_04843"	1506.69647205255	1789.1939294229	1697.59800680533	3542.73086998932	2510.84839993	2065.5948624918	2800.29838254556	4429.18842681836
"PITG_04865"	14.4445806826889	7.09009984001245	2.34081639219608	1.59673876524181	5.71392725298156	2.82610566432396	1.9778519250319	0.0705015348723157
"PITG_04942"	8.51470019190084	9.52099121373101	5.69387771074722	19.5933152651547	5.64630681211787	6.11361633506815	4.72830225827939	15.193080764984
"PITG_04947"	3.72518133395662	4.13830317192564	0.695918386869104	27.8763976098466	1.42002925813743	3.7777534900657	0.927118089858704	14.6290684860055
"PITG_04949"	5.39771172879428	3.32800604735278	6.23163282787334	30.005382630169	0.642394188205027	2.50888972241004	3.24491331450546	8.00192420800783
"PITG_05140"	20.3998025430958	29.0549397525408	19.1377556389004	6.95246670699037	36.7178993889821	19.37901026965	48.5191800359389	11.2449948121344
"PITG_05197"	0.91228930627509	0.810297124572852	1.89795923691574	0	1.28478837641005	0.865134387037946	1.85423617971741	0
"PITG_05285"	1.52048217712515	0.723479575511475	0.316326539485956	10.8445174472673	1.72432124202402	1.18235032895186	1.79242830706016	7.36741039415699
"PITG_05400"	0.40546191390004	0.144695915102295	0.221428577640169	5.22266637797841	0.0338102204318435	1.78794439987842	0.185423617971741	4.23009209233894
"PITG_05417"	30.7897640867843	37.3604852794126	24.7051027338532	67.8281321318343	33.2692569049341	37.1431030168292	23.1779522464676	91.8987507060635
"PITG_05863"	25.6454660541775	22.0227182785693	8.44591860427504	0.831634773563441	10.7516500973262	4.29683412228847	4.91372587625113	0.423009209233894
"PITG_05866"	1.0136547847501	3.530580328496	11.4826533833402	0	1.3185985968419	2.53772753531131	7.16971322824065	0.141003069744631
"PITG_05907"	6.15795281735686	4.22512072098701	7.93979614109751	0.099796172827613	6.18727033902737	6.57502134148839	6.79886599229716	0.0705015348723157
"PITG_05941"	5.34702898955678	1.82316853028892	2.27755108429889	0.332653909425377	1.75813146245586	1.26886376765565	1.14344564415907	0.0705015348723157
"PITG_06268"	2.73686791882527	2.2572562755958	7.275510408177	0.0665307818850753	5.20677394650391	3.97961818037455	6.52073056533955	0.458259976670052
"PITG_06560"	0.633534240468812	0.636662026450098	1.17040819609804	3.85878534933437	0.879065731227932	1.18235032895186	0.772598408215587	3.98333672028584
"PITG_06785"	71.1332245198383	66.5311817640352	28.7224497853248	10.2457404103016	96.6296099942089	59.7807861443221	59.5209813689288	15.9685976485795
"PITG_06824"	0.785582458181327	1.30226323592065	2.08775516060731	0	1.3185985968419	1.44189064506324	1.85423617971741	0
"PITG_07059"	18.8032962571144	5.26693130972354	3.10000008696237	1.56347337429927	4.63200019916257	5.76756258025297	5.28457311219461	0.599263046414684
"PITG_07146"	5.5497599465068	3.12543176620957	2.43571435404186	0.731838600735829	5.17296372607206	3.05680816753408	3.52304874146308	0.317256906925421
"PITG_07156"	4.46008105290044	3.93572889078242	7.2438777542284	0.931430946391054	5.17296372607206	6.71921040599471	8.49858249037145	0.317256906925421
"PITG_07355"	6.05658733888185	0.897114673634229	0.537755117126126	0.099796172827613	0.338102204318436	1.87445783858222	2.31779522464676	0.0352507674361579
"PITG_07366"	5.80317364269432	6.45343781356236	5.0612246317753	0.0332653909425377	6.18727033902737	5.85407601895677	6.67525024698267	0
"PITG_07371"	1.24172711131887	2.60452647184131	4.80816340018654	0	1.62289058072849	1.81678221277969	3.09039363286235	0
"PITG_07424"	0.91228930627509	0.115756732081836	0.0316326539485956	92.7771753387375	7.57348937673296	10.9295310895794	0.123615745314494	38.4233365054121
"PITG_07436"	10.6180338702573	11.3730989270404	8.6673471819152	1.19755407393136	12.2054895758955	24.0795737725562	31.3056875008956	4.89985667362594
"PITG_07447"	2.559478331494	1.21544568685928	19.8020413718209	0	4.7334308604581	1.38421501926071	33.407155171242	0.0705015348723157
"PITG_07775"	2.28072326568772	2.05468199445259	2.68877558563063	0	2.16385410763799	2.82610566432396	3.80118416842069	0.0352507674361579
"PITG_07790"	48.4780400806735	42.685294955177	48.2081646176598	9.31430946391054	43.5813741366463	27.4824356949054	34.8596401786873	8.24867958006094
"PITG_07833"	15.5089182066765	18.1159285708073	7.9714287950461	46.1390972372997	5.81535791427709	5.73872476735171	4.11022353170692	18.2951482993659
"PITG_07836"	7.577069516007	7.20585657209429	6.73775529105087	26.8119050996854	3.92198557009385	3.97961818037455	5.68632428446672	16.6736129973027
"PITG_07849"	8.97084484503838	10.0418965080993	0	0.0332653909425377	18.6632416783776	10.8718554637769	0.0309039363286235	0
"PITG_07958"	19.9943406291957	8.42130225895357	2.94183681721939	1.26408485581643	6.8296645272324	7.18061541241495	3.27581725083409	0.810767651031631
"PITG_08079"	2.12867504797521	2.17043872653442	1.83469392901855	0	2.6371971936838	1.32653939345818	2.22508341566089	0
"PITG_08125"	1.92594409102519	2.69134402090269	0	0	1.5552701398648	2.6242409740151	0.0309039363286235	0
"PITG_08127"	10.7193993487323	7.4084308532375	18.69489848362	28.0759899555018	8.58779598968826	10.2662613928503	12.5469981494211	35.7795289477002
"PITG_08155"	1.77389587331267	0.926053856654688	1.39183677373821	5.52205489646125	2.43433587109274	1.81678221277969	1.26706138947356	6.87389965005078
"PITG_08197"	24.9359077048525	26.3346565486177	18.4102045980827	50.7629865783125	34.1145124157301	36.364482068495	13.0105571943505	74.1676146856761
"PITG_08297"	9.6043790855072	4.68814764931436	5.56734709495283	0	4.66581041959441	2.30702503210119	1.23615745314494	0
"PITG_08311"	125.921265635581	121.776082150091	173.44184160015	321.875922759994	117.55813644152	188.945350129087	149.853187257495	330.440693946544
"PITG_08491"	8.54004156151959	11.4309772930813	5.40918382520985	21.1235232485114	11.5969056081223	27.222895378794	24.9085726808705	146.079180255438
"PITG_08517"	4.71349474908796	0.086817549061377	2.46734700799046	0.0332653909425377	3.82055490879832	8.07458761235416	1.29796532580219	0.0352507674361579
"PITG_08621"	2.00196819988145	1.33120241894111	1.89795923691574	112.237429040122	1.45383947856927	1.0669990773468	2.87406607856198	3.27832137156268
"PITG_08703"	627.857773674212	750.94286019789	584.792873547688	1186.90914882974	1191.70883956119	1100.47977812517	951.872142857932	2284.67273907226
"PITG_08705"	9.85779278169472	8.16084961176944	9.80612272406465	0	8.11445290364245	18.6003893213158	23.2397601191248	0
"PITG_08758"	4.94156707565674	1.82316853028892	1.70816331322416	0.399184691310452	2.06242344634246	1.93213346438475	1.69971649807429	0.0705015348723157
"PITG_08795"	259.875745440307	54.8686910067903	20.3714291428956	8.78206320882994	9.09494929616591	30.3373791721306	30.1313379204079	1.69203683693558
"PITG_08834"	771.340608455588	917.603615212714	903.713290657429	1729.56747127536	1654.02979374622	1434.94073215404	1267.03048553723	3622.15735713496
"PITG_08963"	13.7857050726014	25.5243594240448	8.79387779770959	53.6238101993707	16.3303364685804	52.6866841706109	10.1364911157885	94.6130597986477
"PITG_08968"	6.81682842744442	4.91966111347803	11.2295921517515	37.6896879378952	19.1027745439916	73.3633960208178	17.5534358346581	78.8559667546851
"PITG_09194"	71.8934656084008	86.0361911198246	46.4367359965384	178.169433888232	103.966427827919	83.4854683491618	48.7973154628965	273.158196862787
"PITG_09223"	0.329437805043782	0.115756732081836	0.442857155280339	2.16225041126495	0.47334308604581	0.576756258025297	1.26706138947356	3.348822906435
"PITG_09306"	44.5247864201481	16.0612465763547	5.63061240285002	3.02715057577093	6.01821923686815	11.650476412111	8.80762185365769	1.65678606949942
"PITG_09345"	1193.85726410905	1638.76805608255	1540.60514525845	2900.97494792588	2536.64559811949	2009.70718108915	2499.973929304	4426.36836542347
"PITG_09346"	11.6316886550074	11.9518825874496	18.4418372520313	42.7792927521034	15.9246138233983	21.6283596759487	29.0806040852347	50.5496005034504
"PITG_09367"	48.9848674730486	92.9526558617143	211.337761030567	30.93681357656	169.524445245264	185.282947890627	170.218881298058	50.6201020383227
"PITG_09480"	2.35674737454398	1.64953343216616	4.17551032121462	0	2.50195631195642	1.58607970956957	4.32655108600729	0.0352507674361579
"PITG_09531"	11.9104437208137	16.9004828839481	12.3051023860037	0.532246255080603	18.358949694491	12.0253679798275	10.0437793068026	3.77183211566889
"PITG_09534"	2.43277148340024	3.09649258318911	1.77142862112136	0.0665307818850753	3.34721182275251	1.90329565148348	1.60700468908842	0.458259976670052
"PITG_09556"	979.950763157159	1233.85100726029	972.60921095747	2005.43735836183	1535.66021201433	1295.53874458932	1531.25914114696	2933.11060606039
"PITG_09714"	4.25735009595042	0	15.4683677808633	0	2.40052565066089	0.0288378129012649	15.0811209283683	0
"PITG_09733"	6.28465966545062	2.86497911902544	18.8214290994144	0.0332653909425377	6.08583967773184	2.10516034179234	17.7697633889585	0
"PITG_09879"	1.59650628598141	0.781357941552393	0.379591847383148	45.1744008999661	0.202861322591061	1.12467470314933	1.5761007527598	3.06681676694573
"PITG_09880"	0.557510131612555	0.318331013225049	1.58163269742978	34.5627411892966	0.338102204318436	0.778620948334152	1.82333224338878	0.916519953340104
"PITG_10146"	660.725530069734	830.323039223009	682.664304864643	1661.97219688012	1493.49886713583	846.07259271021	1096.78070030285	2333.24829659929
"PITG_10226"	1.72321313407517	1.15756732081836	2.75204089352782	6.61981279756499	0.101430661295531	0.490242819321503	0.247231490628988	3.52507674361579
"PITG_10256"	17.814982841983	10.2734099722629	10.3438778411908	1.63000415618435	11.5292851672587	5.70988695445044	9.88925962515951	1.09277379052089
"PITG_10290"	5.19498077184426	10.5338626194471	13.6969391597419	2.22878119315002	5.00391262391285	9.94904545093638	15.761007527598	0.0705015348723157
"PITG_10292"	214.666742040452	135.724768365953	126.846942333869	52.7921754258073	218.211162667118	95.8857278967057	111.717729827974	21.890726577854
"PITG_10344"	46.171975445367	31.5726486753208	30.8418375998807	16.333306952786	27.3186581089296	17.7352549342779	19.4694798870328	5.78112585952989
"PITG_10569"	4.15598461747541	4.71708683233482	4.71326543834075	0	5.30820460779944	11.4197739089009	5.90265183876708	0.0352507674361579
"PITG_10570"	2.05265093911895	1.79422934726846	0.442857155280339	0	2.90767895713855	5.47918445124033	0.370847235943482	0.0705015348723157
"PITG_10643"	6.15795281735686	20.4600023954645	22.3959189956057	1.09775790110374	10.4135478930078	5.07545507062262	11.3108406962762	1.16327532539321
"PITG_10654"	24.9612490744712	27.5790414184974	29.3234702103482	3.75898917650676	28.5020158240441	20.2441446566879	3.27581725083409	1.76253837180789
"PITG_10674"	17.713617363508	26.3057173655972	39.4775521278474	5.3889933326911	14.0988619200788	20.7632252889107	6.89157780128303	3.5955782784881
"PITG_10728"	5.04293255413175	4.42769500213023	11.8306125767748	1.29735024675897	4.86867174218547	3.05680816753408	10.7236659060323	0.916519953340104
"PITG_10757"	0.30409643542503	0.202574281143213	0.158163269742978	2.99388518482839	0.338102204318436	1.5572418966683	0.80350234454421	5.11136127824289
"PITG_10934"	33.1465114613283	11.98082177047	3.38469397249973	2.39510814786271	6.0520294573	5.47918445124033	6.24259513838194	0.387758441797736
"PITG_11135"	12.3665883739512	13.9197470328408	9.23673495298993	29.4066055932033	24.7828915765413	28.7224616496598	17.8624751979444	50.5848512708865
"PITG_11253"	1.0643375239876	0.260452647184131	0.253061231588765	4.25797004064482	0.338102204318436	0.692107509630357	0.80350234454421	2.78481062745647
"PITG_11375"	4.33337420480668	1.47589833404341	0.695918386869104	0.133061563770151	1.52145991943296	0.692107509630357	1.32886926213081	0
"PITG_11446"	4.07996050861915	3.12543176620957	4.83979605413513	9.78002493710607	11.9011975920089	28.1168675787332	18.5732657335027	68.4569903610186
"PITG_11460"	14.7993598573515	11.8071866723473	40.4581644002538	4.82348168666796	13.9298108179195	14.2747173861261	33.0672118716271	4.9351074410621
"PITG_11524"	26.8871931654964	25.9873863523722	38.876531702824	72.6848792094448	13.1183655275553	24.4833031531739	29.0497001489061	49.6683313175464
"PITG_11848"	6.28465966545062	1.18650650383882	1.32857146584102	0	0.439532865613966	1.87445783858222	0.679886599229716	0
"PITG_11983"	24.0743011378149	8.5370589910354	4.65000013044356	2.5614351025754	11.0897523016447	5.07545507062262	9.45660451655878	1.05752302308474
"PITG_12143"	1.31775122017513	0.810297124572852	1.86632658296714	0.0665307818850753	2.70481763454748	10.4969638960604	2.37960309730401	0.176253837180789
"PITG_12173"	1.4951408075064	7.61100513438072	1.10714288820085	0	2.97529939800223	6.83456165759977	1.17434958048769	0.0705015348723157
"PITG_12490"	21.5908469151771	16.8426045179071	16.2275514756296	6.85267053416276	14.7750663287156	7.58434479303266	12.3615745314494	2.96106446463726
"PITG_12552"	3.0916470934878	4.05148562286426	8.92040841350397	0	3.14435050016145	4.90242819321503	5.87174790243846	0
"PITG_12553"	2.61016107073151	2.28619545861626	10.1540819174992	0	1.21716793554637	0.576756258025297	5.31547704852324	0
"PITG_12604"	2.20469915683147	2.51770892277993	2.40408170009327	0	3.68531402707095	0.490242819321503	0.401751172272105	0
"PITG_12739"	2.35674737454398	1.85210771330938	2.1510204685045	0	2.19766432806983	1.98980909018728	2.53412277894712	0.0352507674361579
"PITG_12878"	21.4641400670834	9.02902510238321	7.52857163976576	2.66123127540301	5.13915350564022	6.57502134148839	6.61344237432542	1.55103376719095
"PITG_12920"	9.50301360703219	6.54025536262373	6.26326548182194	0	5.24058416693575	10.4969638960604	6.30440301103919	0.105752302308474
"PITG_12947"	619.267049373455	784.628069233705	738.242877852325	1478.48030044109	1162.69967043067	1136.46936862595	1161.30811935701	2606.2302396249
"PITG_12985"	8.23594512609456	6.62707291168511	5.28265320941547	23.5851621782592	12.9493144253961	17.1584986762526	14.1540028385095	36.0262843197533
"PITG_13019"	1.72321313407517	1.64953343216616	6.5163267134107	0.0665307818850753	1.18335771511452	0.865134387037946	3.12129756919097	0.0352507674361579
"PITG_13231"	5.37237035917553	13.8039903007589	1.67653065927557	0.166326954712688	0.811445290364245	1.24002595475439	2.96677788754785	0.211504604616947
"PITG_13269"	10.7447407183511	3.73315460963921	4.30204093700901	0.56551164602314	4.36151843570782	2.76843003852143	8.31315887239971	0.0705015348723157
"PITG_13372"	17.8403242116018	14.7300441574136	14.551020816354	2.32857736597764	4.36151843570782	11.1313957798882	4.01751172272105	0.528761511542368
"PITG_13394"	3.72518133395662	3.03861421714819	6.04183690418177	0.665307818850753	2.77243807541117	2.88378129012649	6.27349907471057	0.740266116159315
"PITG_13414"	27.0392413832089	14.122321313984	13.7602044676391	2.86082362105824	14.7412561082838	5.94058945766056	9.11666121694392	1.12802455795705
"PITG_13551"	98.5019037080909	53.9136979671151	74.8744918963259	22.6869966228107	52.946805196267	23.9353847080498	47.1285029011508	14.5938177185694
"PITG_13562"	4.84020159718173	1.56271588310479	2.24591843035029	0.099796172827613	1.65670080116033	1.09583689024807	2.626834587933	0.176253837180789
"PITG_13573"	13.9884360295514	16.3506384065593	10.1857145714478	2.79429283917316	16.431767129876	6.86339947050104	5.59361247548085	2.60855679027568
"PITG_13638"	0.937630675893842	2.02574281143213	1.13877554214944	21.8553618492472	0.0338102204318435	0.663269696729092	0.556270853915222	3.38407367387115
"PITG_13763"	163.097054866291	131.875857024232	99.4530640143847	34.462945016469	178.687014982293	59.8384617701246	63.3221655373495	24.9575433447998
"PITG_13930"	10.440644282926	2.31513464163672	95.3408190010673	1.43041181052912	13.6931392748966	14.5630955151388	18.63507360616	1.37477993001016
"PITG_13983"	3.72518133395662	5.06435702858032	12.5581636175925	1.26408485581643	6.15346011859553	7.03642634790863	9.24027696225842	1.339529162574
"PITG_14194"	5.24566351108177	3.18331013225049	5.85204098049019	1.09775790110374	13.2536064092827	9.80485638643006	15.3592563553259	1.93879220898868
"PITG_14221"	16.5732557306641	16.9004828839481	18.7265311375686	35.5607029175728	32.0520889693877	26.0117072369409	43.0491833057725	80.9005112659823
"PITG_14237"	6.63943884011315	5.03541784555986	1.86632658296714	140.346684386566	7.23538717241452	9.689505134825	4.20293534069279	108.219856029005
"PITG_14297"	18.4231757128331	21.2124211539964	101.857145714478	6.02103576059932	34.6892861630715	19.926928714774	106.031405543507	5.74587509209373
"PITG_14530"	38.4175163420288	13.3409633724316	1.07551023425225	1.7630657199545	5.10534328520838	4.55637443839985	1.94694798870328	0
"PITG_14588"	1.59650628598141	1.04181058873652	2.94183681721939	8.71553242694487	1.25097815597821	2.82610566432396	3.12129756919097	9.48245644032646
"PITG_14767"	1.08967889360636	0.752418758531934	2.94183681721939	0	0.608583967773184	0.605594070926562	1.94694798870328	0.0352507674361579
"PITG_15021"	8.61606567037585	3.03861421714819	1.4234694276868	0.465715473195527	4.26008777441229	1.84562002568095	2.44141096996125	0.0705015348723157
"PITG_15062"	9.27494128046341	10.6785585345494	30.4938784064462	2.69449666634555	12.4421611189184	10.6988285863693	20.520213722206	2.679058325148
"PITG_15073"	2.43277148340024	3.09649258318911	3.47959193434552	0.299388518482839	2.56957675282011	2.68191659981763	3.33762512349133	0.352507674361579
"PITG_15077"	6.46204925278189	7.29267412115567	14.7408167400456	3.29327370331123	7.74254047889217	9.31461356710855	11.4653603779193	1.26902762770168
"PITG_15146"	3.11698846310656	3.21224931527095	7.59183694766295	0	3.00910961843408	5.50802226414159	8.74581398100044	0.0352507674361579
"PITG_15235"	13.1775122017513	10.967950364754	7.59183694766295	31.1364059222152	9.87258436609832	9.89136982513385	4.38835895866453	40.4678810167092
"PITG_15423"	1.03899615436885	1.38908078498203	2.02448985271012	0.0332653909425377	1.08192705381899	0.893972199939211	3.30672118716271	0.246755372053105
"PITG_15682"	8.61606567037585	7.87145778156485	3.03673477906518	12.3414600396815	1.11573727425084	1.93213346438475	2.44141096996125	16.8498668344835
"PITG_15980"	57.1447884902869	53.653245319931	44.2540828740853	90.1159440633345	41.924673335486	39.2771011715228	26.7937127969165	130.00483030455
"PITG_16023"	33.6026561144658	35.6530734812055	45.8040829175665	70.9550788804328	28.9415486896581	23.8777090822473	25.4957474711144	58.4105216417136
"PITG_16038"	19.5635373456769	20.9230293237919	18.6000005217742	37.5898917650676	17.1417817589447	20.6478740373056	12.8560375127074	39.516110295933
"PITG_16041"	88.6441109263962	79.2065439269963	95.3724516550159	196.3656027338	64.5437108043893	64.567863085932	91.3829397237396	166.700879205591
"PITG_16043"	55.1174789207867	64.0134728412553	99.0734721670015	163.100211791262	32.6606729371609	51.936901035178	47.3139265191225	157.676682741934
"PITG_16103"	11.8597609815762	11.4888556591222	9.26836760693852	24.9823085978458	7.57348937673296	13.3519073732856	4.94462981257976	27.2840939955862
"PITG_16152"	21.6922123936521	15.8586722952115	28.6591844774276	3.95858152216198	18.1560883719	16.0914995989058	18.0169948795875	3.41932444130731
"PITG_16382"	33.5266320056096	8.1897887947899	8.79387779770959	1.79633111089703	8.41874488752904	25.261924101508	21.4164278757361	3.20781983669037
"PITG_16727"	5.90453912116933	1.33120241894111	3.19489804880816	0.0665307818850753	0.135240881727374	0.749783135432887	1.4524850074453	0.0352507674361579
"PITG_16909"	4.38405694404418	3.44376277943462	6.20000017392475	69.5579324608462	2.80624829584301	5.24848194803021	9.02394940795805	8.31918111493325
"PITG_16912"	1.4951408075064	3.24118849829141	4.68163278439215	162.734292490894	0.777635069932402	2.10516034179234	2.68864246059024	2.53805525540337
"PITG_16913"	0.962972045512595	0.983932222695606	1.04387758030366	69.3916055061336	0.642394188205027	1.00932345154427	1.14344564415907	1.65678606949942
"PITG_16981"	136.057813483082	113.412658257179	16.5122453611669	21.7888310673622	31.1730232381598	25.4349509789156	15.761007527598	3.27832137156268
"PITG_17003"	10.7700820879698	13.5435376535748	20.5928577205358	36.7582569915041	16.3303364685804	26.5884634949662	27.8753505684184	68.9857518725609
"PITG_17063"	2.81289202768153	0.723479575511475	1.13877554214944	15.2022836607397	2.77243807541117	6.17129196087068	2.47231490628988	13.3247900908677
"PITG_17167"	12.18919878662	6.16404598335777	6.38979609761632	1.59673876524181	5.71392725298156	2.24934940629866	3.49214480513445	0.387758441797736
"PITG_17441"	0.937630675893842	0.376209379265967	8.50918391217223	26.3129242355473	1.48764969900112	4.87359038031376	6.55163450166818	30.7739199717658
"PITG_17826"	26.1269520769338	1.93892526237075	1.86632658296714	0.399184691310452	0.439532865613966	5.94058945766056	8.46767855404283	0.105752302308474
"PITG_17828"	25.3667109883712	3.70421542661875	2.27755108429889	0.266123127540301	0.608583967773184	6.22896758667321	6.30440301103919	0.0352507674361579
"PITG_17846"	2.17935778721271	1.64953343216616	0.664285732920508	8.98165555448517	0.811445290364245	1.67259314827336	5.06824555789425	9.51770720776262
"PITG_17894"	8.92016210580088	3.50164114547554	15.9744902440408	50.5966596235998	7.33681783371005	20.359495908293	19.53128775969	45.2972361554628
"PITG_18012"	3.16767120234406	3.96466807380288	2.94183681721939	0.099796172827613	4.63200019916257	4.32567193518973	5.93355577509571	0.423009209233894
"PITG_18224"	1.31775122017513	0.954993039675147	0.411224501331743	5.82144341494409	0.946686172091619	0	1.5761007527598	8.07242574288015
"PITG_18326"	39.4058297571601	14.5564090592909	9.64795945432167	4.09164308593213	26.7776945820201	14.8226358312501	18.5732657335027	3.63082904592426
"PITG_18350"	4.86554296680048	0	6.76938794499947	0	4.29389799484413	0	3.46124086880583	0
"PITG_18366"	5.72714953383806	2.77816156996406	9.4265308766815	1.26408485581643	18.5280007966503	38.4119667844848	82.4517021247674	4.58259976670052
"PITG_18574"	9.70574456398221	9.95507895903789	6.35816344366772	2.06245423843733	7.30300761327821	9.6029916961212	5.68632428446672	2.22079834847794
"PITG_18603"	2.20469915683147	2.19937790955488	1.13877554214944	0.133061563770151	3.82055490879832	2.97029472883028	0.432655108600729	0.176253837180789
"PITG_18605"	2.48345422263774	2.48876973975947	1.23367350399523	0.199592345655226	3.31340160232067	2.65307878691637	1.08163777150182	0.105752302308474
"PITG_18659"	3.90257092128788	1.67847261518662	0.7275510408177	0.0665307818850753	0.57477374734134	1.21118814185312	1.39067713478806	0.0352507674361579
"PITG_18664"	1.19104437208137	1.18650650383882	3.47959193434552	0.0665307818850753	1.04811683338715	1.0669990773468	1.32886926213081	0.0705015348723157
"PITG_18728"	24.5811285301899	28.7366087393158	51.4030626664679	9.48063641862323	38.3746001901424	26.6461391207687	85.4802878849725	13.5010439280485
"PITG_18800"	9.55369634626969	14.49853069325	16.1642861677324	3.02715057577093	5.20677394650391	2.59540316111384	5.31547704852324	1.05752302308474
"PITG_18931"	286.357476691903	400.113144440866	332.775519539226	774.385035751334	590.935032707762	523.521655409563	516.095736688012	953.815265287559
"PITG_18951"	89.2523037972463	76.0521729777662	128.207146453658	13.8716680230382	89.8675659078402	80.8323895622454	20.025750740948	15.3340838347287
"PITG_18997"	1.03899615436885	0.926053856654688	1.51836738953259	0.133061563770151	1.25097815597821	1.75910658697716	1.39067713478806	0.0352507674361579
"PITG_19602"	27.8248238413902	5.96147170221455	13.3489799663074	4.52409316818512	10.3121172317123	16.437553353721	21.0764845761212	2.64380755771184
"PITG_19609"	29.1172336919466	15.4824629159456	12.9693881189242	8.15002078092173	13.9636210383514	10.9872067153819	12.9796532580219	2.2560491159141
"PITG_19625"	1.97662683026269	3.18331013225049	3.28979601065395	7.28512061641575	0.338102204318436	0.720945322531622	0.865310217201457	5.53437048747678
"PITG_19631"	3.62381585548161	3.35694523037324	10.0275513017048	0	4.80105130132178	4.7582391287087	12.2379587861349	0
"PITG_19648"	1.36843395941263	1.67847261518662	0.822449002663487	0.099796172827613	0.845255510796089	0.778620948334152	1.60700468908842	0.0705015348723157
"PITG_19649"	0.456144653137545	3.21224931527095	2.43571435404186	18.0298418908554	0.236671543022905	1.0669990773468	3.64666448677757	9.58820874263494
"PITG_19890"	7.24763171096321	26.5082916467404	22.9653067666804	1.43041181052912	10.8868909790536	6.25780539957448	13.381404430294	1.41003069744631
"PITG_19938"	16.5985971002829	31.5147703092798	15.0571432795315	3.92531613121944	18.0884679310363	16.3222021021159	24.3523018269553	4.9351074410621
"PITG_20608"	81.9033066078081	62.7112096053346	63.676532398523	36.0596837817108	42.6346879645547	62.3761893054359	36.4666448677757	10.5399794634112
"PITG_20609"	60.7686043457685	54.4056640784629	52.6683688244117	24.4833277337077	39.7270090074162	48.880092867644	26.7010009879307	8.31918111493325
"PITG_20749"	8.00787279952579	3.03861421714819	1.07551023425225	0.099796172827613	1.45383947856927	2.88378129012649	1.85423617971741	0
"PITG_21096"	2.35674737454398	1.2733240529002	1.86632658296714	0	1.18335771511452	0.547918445124033	0.741694471886963	0
"PITG_21189"	2.10333367835646	0.897114673634229	0.917346964509274	0.099796172827613	0.743824849500558	0.461405006420238	0.432655108600729	0
"PITG_21321"	12.3412470043325	7.29267412115567	9.64795945432167	2.52816971163286	8.31731422623351	6.14245414796942	3.49214480513445	1.44528146488247
"PITG_21323"	2.58481970111275	2.63346565486177	1.55000004348119	0	5.03772284434469	5.01777944482009	2.37960309730401	0
"PITG_21364"	0.70955834932507	2.69134402090269	3.19489804880816	0	1.11573727425084	2.39353847080498	5.16095736688012	0
"PITG_21507"	1.52048217712515	2.19937790955488	3.66938785803709	0.532246255080603	4.90248196261731	6.11361633506815	8.12773525442797	0.740266116159315
"PITG_21540"	117.305199965205	200.866869345006	172.904086483024	62.306077235373	106.772676123762	91.4735425228122	170.033457680086	39.4456087610606
"PITG_21619"	24.7331767479024	23.1802855993877	21.3836740692507	42.4133734517355	15.0455480921704	17.3603633665615	17.3062043440291	37.1543088777104
"PITG_21660"	2.20469915683147	1.88104689632983	2.49897966193906	0.0332653909425377	2.13004388720614	2.50888972241004	2.19417947933227	0.0352507674361579
"PITG_21776"	3.26903668081907	3.84891134172105	5.40918382520985	0.0332653909425377	3.85436512923016	3.2009972320404	3.73937629576344	0.0352507674361579
"PITG_21941"	3.06630572386905	4.22512072098701	8.50918391217223	0.598777036965678	2.80624829584301	4.29683412228847	8.52948642670008	0.705015348723157
"PITG_22020"	22.8072326568772	20.3442456633827	0	0	22.1118841624257	15.3705542763742	0.0618078726572469	0
"PITG_22132"	0.861606567037585	0.347270196245508	1.486734735584	0	0.710014629068715	1.75910658697716	2.22508341566089	0
"PITG_22135"	347.683591169284	453.592754662674	316.611233371494	849.065838417331	617.814157951077	581.543334966907	477.434912340904	1133.91143611889
"PITG_22795"	6.10727007811935	1.64953343216616	3.13163274091097	0.166326954712688	1.52145991943296	1.58607970956957	1.63790862541704	0.0352507674361579
"PITG_22973"	0.91228930627509	0.954993039675147	0.253061231588765	10.3122711921867	1.42002925813743	2.88378129012649	3.39943299614858	7.89617190569936
"PITG_23123"	36.8210100560474	57.183825648427	50.928572857239	13.7718718502106	93.3162083918882	60.5594070926562	80.350234454421	32.3602045063929
"PITG_23156"	102.632546955948	114.13613783269	57.4765322245983	0.498980864138065	137.269494953285	84.264089297496	139.160425287791	8.88319339391178
"PITG_23187"	9.6043790855072	10.8232544496517	8.60408187401801	2.5614351025754	8.9258981940067	3.97961818037455	6.64434631065405	0.669764581286999
"PITG_23273"	13.2281949409888	13.427780921493	26.9510211642035	0.099796172827613	15.4174605169207	16.437553353721	21.6327554300364	0.211504604616947
"PITG_23322"	20.0196819988145	21.6754480823238	0.0632653078971913	0	22.2133148237212	20.4171715340955	0	0.0352507674361579
